3.30077720
-2.11305046
-1.16095304
-2.32338715
-1.50469816
-10.83408260
-2.49373937
-5.01795912
6.96220016
-26.78602600
7.12307310
20.40837669
3.64019179
-1.20544064
10.64794445
-2.42825246
-2.94552112
-1.75213194
-1.25914085
-4.85545444
-1.86018813
-3.54703379
-14.41156387
5.40722418
2.07765603
15.08877087
10.51119900
13.36967373
-1.79588926
-13.98278141
7.42592144
-2.26474190
6.14053679
-0.85801977
-2.46611547
-17.88463020
-22.22385216
8.06380272
-1.46862698
3.06710339
1.15133071
3.76793814
-9.65913868
8.97457409
7.92546940
4.34497833
-5.02701664
-0.82932025
-1.16881752
-0.74061954
