-0.03141428
0.01420318
-0.02179453
-0.02336915
0.02176172
0.04176923
-0.03151995
0.02488385
0.03831414
0.11006039
0.01283816
-0.21615745
-0.02680766
-0.05869532
-0.04050201
-0.02009645
0.04564874
-0.12833115
0.06190162
0.02338689
0.11814557
0.03050732
-0.01509290
-0.01128429
-0.02482082
0.17248406
-0.03451455
0.02389967
-0.01689824
-0.00904632
-0.02648856
-0.03553293
-0.01770486
0.00324973
0.01970837
0.11771349
0.28384030
-0.01719224
0.02889755
-0.07920226
0.06992562
-0.01562206
0.03372370
-0.09092508
-0.01289873
-0.02954727
0.03605975
-0.01104040
-0.02654378
-0.01180813
