0.00760803 -0.09261853 0.16439277 -0.19082613 -0.05096638 -0.15196647 -0.00045103 0.23609969 0.02631924 -0.03033760 0.13628241 0.03800803 0.00444171 -0.01341650 -0.17238680 0.07007712 -0.00720632 0.22622347 -0.14227501 -0.18001506 0.11625385 0.09681055 0.09127110 0.18036860 0.04045299 0.22925761 -0.12593609 -0.06872368 -0.01631220 0.12277895 0.19586611 -0.02544560 -0.15342018 -0.02389912 -0.21742783 0.14321741 0.20720783 0.19354638 0.11602801 0.17125463 0.12928137 -0.20720108 0.12244928 0.13894874 0.09390786 -0.11587776 0.17690396 0.22663260 -0.18600649 0.03145066
0.19029766 0.16936475 -0.10565118 0.21508667 -0.15583727 0.15456623 -0.02910332 -0.22406979 -0.11717784 0.21550080 -0.06613763 0.04703543 0.22444034 0.15418372 -0.17669624 0.03262439 0.03945255 -0.13294864 0.10911044 0.15724364 -0.01548241 0.19962439 0.00211222 -0.00893460 -0.03798240 -0.05162188 -0.21057898 -0.06107181 0.11036646 -0.01060829 -0.10169752 -0.01884256 0.12625989 -0.11851019 -0.20511343 -0.06580757 -0.10924056 -0.23397139 0.14116567 0.17408326 -0.23096976 -0.05102211 0.12919006 -0.15653139 0.04380804 0.03653082 -0.01994529 0.01744124 0.10012507 0.00951228
-0.85378677 -0.21600428 0.13519689 0.42618060 0.26467389 -0.18327780 0.07005787 0.07936998 -0.05020846 0.18427218 -0.00982093 -0.01071577 0.01213756 0.29700738 -0.17708977 0.31362212 0.14673755 0.04722836 0.33487320 0.05223090 0.03400861 -0.08940014 0.12908046 0.80840224 -0.26799423 -0.01312235 -0.11424252 -0.11473519 0.21480946 0.10946140 -0.28797194 -0.11113400 0.05167774 -0.35730985 0.29162082 -0.00379201 -0.00256477 1.04071915 -0.17851546 0.54441279 -0.28271288 -0.34230727 -0.07327989 -0.38148278 0.55781370 0.24549150 -0.27882856 -0.10366985 0.10129064 -0.79251188
-0.22751349 -0.02000667 0.26490366 0.01627410 -0.24385597 0.00666283 0.06952440 0.13043460 0.10424031 0.10998376 0.03777578 0.00939172 -0.00475991 0.08775023 -0.08695897 0.28905982 -0.01923425 0.29494846 -0.10949812 0.03424849 0.31133801 0.03637454 -0.12623720 0.52565616 0.16424966 0.00933265 0.06884526 0.04678671 0.04566806 -0.02485104 -0.09536822 -0.07675347 0.08536415 -0.33402592 0.02150509 -0.10770857 -0.00082980 0.57532960 0.10562249 0.47680113 -0.31575438 0.26286170 0.03397213 -0.24693403 0.03747936 0.24496652 -0.18948883 -0.24873248 -0.01734373 -0.34662807
0.33355352 0.16458374 0.11172632 -0.10655349 -0.16786380 0.07929711 -0.04051059 -0.11922570 -0.05896402 -0.01980665 -0.02428313 -0.01059037 0.08339499 0.02866605 -0.04842584 0.31933230 -0.00997566 0.63294017 0.13557036 0.02252864 0.01151416 -0.11079325 -0.09392165 0.46334726 0.35975310 -0.02214569 -0.06177357 -0.01156175 0.26026782 -0.06925682 0.06333258 0.01941606 -0.00286516 -0.52291256 0.33629170 0.05207616 0.00230002 0.15577985 -0.27080563 -0.10959363 0.26433676 -0.09275642 0.00808426 -0.02591969 -0.24463826 0.43742490 -0.24073775 -0.01342927 0.05857350 -0.14688709
0.49570820 -0.01664513 0.58902103 -0.08670563 -0.34498394 -0.09678721 0.07366978 -0.07456475 0.03050294 -0.03177180 0.00859562 -0.01864437 0.04434222 0.00984812 -0.03000452 0.27724746 0.12987459 0.52884787 -0.14438567 0.04691391 0.03489705 -0.04674871 -0.12058407 0.25565928 0.14523192 0.01842837 0.01507786 0.05243936 0.06551372 -0.19739260 0.01895772 -0.11913803 0.03069392 -0.49386674 -0.10712235 -0.04853980 0.02357247 0.10008442 0.05081260 -0.40818441 -0.23568736 0.09715848 -0.18528554 0.06449161 -0.17930734 0.86887765 -0.11579423 -0.19273061 -0.09297699 -0.04731620
0.68060309 0.39321521 0.36582237 0.26551071 -0.04056624 -0.03924368 0.14744054 -0.21490951 -0.02285466 -0.05404938 -0.02750749 -0.05387254 0.10372353 0.09837642 0.02270168 0.20723090 -0.12077508 0.69812578 0.02348122 -0.02021844 0.28520566 -0.12429219 0.00804460 -0.00696223 0.17023133 -0.01006281 -0.10367938 0.01073166 0.28715327 -0.45890075 0.05666246 -0.10826380 0.29589558 -1.05937529 -0.00431199 0.02856873 0.00739439 -0.17490229 0.22251566 -0.28826389 -0.39374074 -0.23521134 0.07545140 0.34911874 -0.23182511 0.73653615 -0.15224297 -0.26634800 -0.22956480 0.05022107
0.21474968 0.18084988 0.23723464 -0.02632053 0.43019214 -0.10834464 0.25716972 -0.12494003 -0.04821946 -0.00368714 0.12000342 0.00641879 0.12301605 0.11149751 -0.01540804 0.25180423 0.02663265 0.40650782 -0.09456456 -0.08284292 0.10227636 0.02206650 0.15205830 0.06427469 0.09702162 0.00492785 -0.13617851 -0.10424897 0.13104303 -0.66728067 0.00829671 -0.10737879 0.30803868 -0.58676362 0.07851925 -0.03160618 0.00675642 -0.04066160 0.00940416 -0.05498606 -0.01617853 -0.12601675 -0.12030222 -0.23067072 -0.27592051 0.43871185 -0.03321539 -0.41641864 -0.33715200 -0.07632044
0.41713697 0.05125194 -0.33097273 0.18788087 0.47784227 -0.01977514 0.05467817 -0.10063571 -0.03077382 0.00262053 0.12444878 0.00594341 0.15394267 -0.39193022 -0.11652181 0.22297029 -0.19668327 0.20652938 -0.27868733 -0.11383525 -0.38729420 -0.08945267 0.30691889 -0.09006121 -0.06467846 0.01149352 -0.18439396 -0.06697202 0.19471434 -0.50581104 0.04534633 0.14997138 0.40569174 0.16362675 -0.20510460 0.00689044 -0.00435075 0.28844211 0.02287398 0.27939335 0.10339151 0.06744514 -0.00407175 -0.36905396 -0.22212511 0.12329255 0.02067433 -0.60893285 -0.07409424 -0.05785211
0.25419569 0.05171856 -0.72239345 -0.03784690 0.36613658 0.02294394 -0.12873346 -0.09295154 -0.08839962 -0.03233511 0.01818947 0.01823877 -0.07023575 0.10959937 -0.18622956 0.41156301 -0.01164236 0.14461419 0.18433358 0.12884520 -0.24895446 -0.09690401 0.75914782 -0.07460859 0.09528606 -0.03282745 -0.04863218 0.01294178 0.04230354 0.75237250 -0.01687446 0.08292430 0.17034152 0.02727195 -0.01094778 -0.11366335 -0.00693317 0.38705423 -0.01629366 0.64192832 0.34673098 -0.06163119 -0.01510032 0.37232992 -0.14309084 -0.44738233 -0.01869450 -0.85377437 0.16149603 -0.32314149
0.24574988 -0.15739158 -0.60941720 -0.33979344 -0.12374572 0.01772667 -0.14808907 -0.20000142 0.22868438 -0.12400622 -0.22608127 -0.00851377 -0.05675312 0.43122846 -0.32796150 0.46094936 -0.28581971 0.07319720 -0.13777117 -0.00956885 -0.19992311 -0.21814814 -0.02932438 -0.23185302 -0.12525056 -0.08258107 0.24977884 0.35450155 0.36082172 0.83011520 -0.17934434 0.23244298 0.00270980 0.67884505 0.32844791 -0.07770023 0.00304720 0.58336824 -0.06797612 0.17956604 0.43837473 0.32595301 0.01204775 -0.13245143 -0.22140409 -0.82138693 -0.15416487 -0.65994400 0.10767756 -0.44091544
-0.30871853 -0.20177898 -0.48997667 0.09316587 0.26183701 -0.02768338 0.36929575 0.14682066 -0.22443485 -0.01500851 0.10286871 -0.05090156 0.15000464 0.52637935 -0.22268783 0.59569162 -0.43215576 0.03383907 -0.43280587 0.00013383 -0.41210136 -0.09796119 -0.45039371 -0.14235291 0.00014646 0.02226590 0.20375805 -0.01346879 0.28287953 0.32990846 -0.16218995 0.37360892 0.19491827 0.28153956 -0.11165052 -0.13279329 0.08536795 -0.05854101 -0.05647829 -0.38179949 -0.11657154 0.15048605 -0.01368219 -0.16376720 -0.10713258 -0.86273217 -0.13675126 -0.21239361 -0.31661960 -0.35849437
-0.81085527 -0.08914799 -0.46559143 -0.30320162 0.13332021 -0.01768430 0.33251297 0.03763243 -0.32720664 -0.08719871 -0.11855268 -0.10533166 -0.05281454 0.10530902 -0.01107781 0.96739709 -0.47361717 0.38286686 -0.78316259 0.10621392 -0.55105728 -0.06934506 -1.72178185 -0.07131364 -0.04780095 0.06933253 0.14773403 -0.30172774 -0.07099067 -0.22561949 -0.07844402 0.72262323 0.34521240 0.20749842 0.02765031 0.09334544 -0.08973242 -0.48964652 -0.22656706 -0.42249528 -0.40298539 -0.31545365 -0.09981339 -0.84789759 -0.16019441 -0.57409835 -0.28879321 0.41536626 -0.36463189 0.49170184
-0.73489070 0.79790902 0.67710751 -0.31438166 0.51229590 -0.14406033 -0.46140787 -0.45352116 0.10046406 -0.25046873 -0.49740762 -0.11389773 0.11286211 0.56261498 -0.17866677 1.03393090 -0.14338709 0.86093992 0.22518517 0.00940284 0.11142046 -0.15003951 -0.07162344 0.35262918 0.12887001 0.02999269 -0.28127432 -0.40248832 0.40802082 0.35779601 0.06475627 0.72561908 -0.88573360 0.74401462 -0.01985626 0.05825561 0.01711977 0.20530632 -0.02120080 0.72242475 0.04903081 0.40579465 -0.31769726 0.28001410 0.35199440 0.28119656 -0.29837894 0.40894479 0.01100376 0.45438260
2.21790934 1.72605479 1.53874433 1.08355057 0.72099942 0.03808345 1.36668873 0.43505758 1.23825228 -0.29713944 -0.16360933 0.30300531 -0.01255744 1.74771357 -0.57178944 1.16157997 0.80229706 1.77935815 1.14715421 1.03943384 0.78958887 0.50678182 0.40137011 0.61019164 1.24626863 -0.09268263 -0.60509360 0.30956775 1.96121109 1.00434971 -0.08055114 1.54072821 0.26932403 2.10274863 1.00611734 -0.16238381 -0.00320827 2.34747648 0.73250377 1.72927916 1.13291728 1.69006622 -0.04063648 2.03888559 0.15304585 1.21313846 0.47016153 0.98696876 0.69254106 0.17125052
3.02118587 2.68967128 2.30210471 1.43359792 1.57460535 0.60400420 0.91679269 0.93129104 0.40435898 -0.08743700 0.62330872 0.01188254 -0.12583628 2.16235709 -0.32227588 1.76850390 1.76490653 2.00223231 2.26710820 -0.21811327 1.94682300 1.17720902 0.72386628 0.27647623 1.90444386 0.51833111 -0.77742553 0.68126822 1.88599288 1.23597777 -0.36113104 2.08125925 1.72981119 3.12108684 2.11451507 -0.15212594 -0.16323869 3.31674075 1.47921216 1.17119455 1.70179033 2.52553177 0.78569996 2.53495717 -0.27748001 1.50924468 1.34060478 1.65361261 0.86612070 0.18757249
2.06558728 1.95741057 2.08545518 0.80410576 1.31813312 0.48378441 0.40624061 0.78663874 -0.57818854 -0.05338306 0.26984385 0.10166426 0.18531725 1.85613048 0.32948732 1.60871923 1.18136537 1.90085125 1.87789154 -0.51602554 1.96625030 1.03364325 0.16268289 0.11289001 1.55361903 0.15147316 0.11570018 -0.00234153 1.47169149 0.40194541 -0.23512638 1.88635755 0.79259026 2.37482214 1.22180557 -0.07909594 -0.07844915 1.71873033 1.10623860 1.93110895 1.55698752 1.53312552 0.55689967 1.82638848 0.21921465 1.49914598 0.76217383 1.63383722 0.70960522 0.34364828
0.62840968 0.97768003 1.42466903 -0.14191446 1.52973366 0.43017370 0.15063660 0.31318685 -0.25604516 0.11803712 -0.25754544 0.02185930 0.23776692 1.06677985 -0.02488348 1.38781047 0.46807021 1.72796953 1.32577801 0.00122616 0.65632534 0.54096228 -0.05801816 -0.01137440 0.51224214 -0.08978263 0.10230205 -0.23334058 0.53443140 0.26587734 -0.25109446 0.69801062 0.39560828 1.39473629 0.51837569 0.04857046 -0.03165343 0.17856795 0.55266196 2.00212717 0.77846694 1.04635632 0.23574136 0.72776467 -0.20998938 0.81878406 0.41980433 1.71401429 0.58340967 -0.10303333
-0.28750899 0.22057803 1.21379995 -0.24908841 0.49529845 0.23917721 -0.31520638 0.35499653 0.46800897 0.20735472 -0.23318341 -0.01394786 0.21291393 0.48477098 -0.02839003 0.69234896 -0.17231831 0.37982675 0.26346400 0.21583740 -0.00257435 0.09065446 0.10851058 -0.04723818 -0.08922391 -0.04687405 0.02363915 -0.41935015 0.08586748 -0.27271226 -0.05161305 0.15196741 -0.13949560 0.11531699 0.38446054 -0.13771017 0.04346054 -0.34996450 0.06643867 0.55473065 0.49918503 0.19770329 0.02015996 0.09958140 0.05460978 0.25960413 0.06961282 0.55887556 -0.31085557 0.04292072
-0.32749128 0.15992659 0.68707383 0.38074520 0.14601581 0.10636288 0.31391004 0.49480540 1.32817245 -0.02942945 0.02040801 0.03252934 0.47223654 0.43273866 -0.05981271 0.40222690 0.09373534 0.08200394 -0.19136184 0.03237716 -0.11675533 0.04437698 -0.12437626 0.29400432 0.23406503 -0.06890704 -0.17271259 0.08274379 0.66279453 -0.28431666 0.13314122 -0.30706781 -0.17335378 0.10990438 0.32412753 -0.00338484 -0.03230726 -0.29596990 -0.11272109 0.04759156 0.06535907 0.06925376 -0.15337838 -0.35379726 0.20707326 -0.01471517 -0.02365386 0.23855288 -0.20223293 0.37070191
0.00481615 -0.04442044 0.38883534 0.20684239 -0.09565698 0.09456348 0.43893325 0.17720024 0.73867029 -0.14938442 0.09126941 -0.00639564 0.04924738 0.29140759 -0.03161053 -0.18033412 0.01028721 -0.37896240 -0.57250738 -0.10423862 -0.11793395 0.14100657 -0.08201932 0.07829618 0.19422837 0.07835004 -0.05748609 0.18888545 0.74524331 -0.22508295 0.06592946 0.09833083 0.10118361 -0.59398967 0.36627927 0.07562060 0.03755753 -0.20342830 -0.10792930 -0.12272155 0.25378144 0.28256398 0.03930009 -0.33950335 0.34477794 0.15070519 -0.08368100 -0.11636756 0.18993269 0.06993548
0.17836052 0.06083600 -0.02069590 0.18251939 -0.29943678 -0.03720912 0.46166140 -0.26035014 -0.00979582 -0.06771895 0.01837299 -0.05452357 -0.64439553 -0.33851886 0.04187792 -0.12777847 0.37523159 -0.39503866 -0.74341571 -0.16305231 -0.34418422 0.00739438 0.17171425 0.08130499 -0.20343454 0.11081955 0.03253426 0.25571606 0.22663362 -0.15289623 0.02208622 -0.01370893 0.21786503 -0.51684034 -0.14392611 0.02275908 -0.02795101 -0.26391941 -0.00615228 -0.09046488 0.07741332 0.02997250 0.11799806 0.03657203 0.10034880 -0.07026636 0.01584543 0.14029148 0.17464681 -0.06139707
0.11273477 0.37399113 -0.78805435 0.53464508 -0.37694255 -0.07710816 0.27243724 -0.58737797 -0.08513047 -0.13028122 -0.11308830 -0.02674016 -0.89812756 -0.00643734 0.02472761 -0.01285682 0.47759676 0.01802965 -0.85177058 -0.23764399 -0.38827088 -0.16582133 0.13814759 0.12275735 -0.07302231 0.07761940 0.17256892 0.39216816 -0.50399774 -0.00769408 -0.12710966 0.10042907 0.18184452 -0.46538404 -0.42764190 0.09752542 0.03857163 -0.08119848 0.03058872 -0.09250405 -0.21672106 -0.06338402 -0.14919871 -0.02227099 -0.07686918 -0.24598895 -0.21111466 -0.33899564 0.15943664 0.02925896
-0.58525306 0.13650426 -0.62107801 0.25557595 0.18081772 -0.04833159 0.04656295 -0.69000590 -0.11214652 -0.08190429 -0.04100281 -0.00088682 -0.61065924 -0.29645914 0.02034502 -0.20313460 0.17334835 0.32639465 -0.24534704 -0.19595344 0.13187200 0.04854856 -0.04017210 0.05074356 -0.20682169 0.01434869 0.05089903 0.66421545 -0.59037721 0.05856632 -0.17238227 -0.10211989 0.19519214 -0.18074861 -0.64623755 -0.00226753 0.00914057 -0.13371499 0.29809502 0.60400957 -0.33195254 0.05587674 0.09030006 -0.16245155 -0.39707550 -0.02899062 -0.06500723 -0.12324846 -0.11617620 0.13368565
-0.23643053 0.28005815 -0.29091346 0.14934073 0.26964942 -0.12617113 0.15317658 -0.60008246 -0.17836657 -0.05408853 0.04156446 0.00934162 -0.09666153 -0.12640691 -0.16246645 -0.01827955 -0.21181199 0.24121368 0.28875482 -0.16186506 0.18265165 -0.10204486 0.02071183 -0.01212649 0.10891249 0.03221032 0.04514503 0.36246371 -0.37848380 0.10448251 -0.06925742 -0.09334359 -0.04002684 -0.12876423 -0.55306417 -0.01915617 0.04086827 -0.12167450 -0.03439321 0.18859398 -0.38925555 -0.32510594 -0.09542815 -0.33989191 -0.42418441 -0.01235773 0.00323247 -0.47252548 -0.00447546 0.08097313
-0.09284306 -0.01686085 -0.18622540 -0.17719068 -0.40959802 -0.00602873 0.21411876 0.13682219 -0.08378860 -0.15253030 0.02443687 -0.04707316 0.31471148 0.40728831 -0.15174827 -0.21346593 -0.54744709 -0.06035748 0.62680197 -0.09651661 0.28535634 -0.08891190 0.10398079 -0.00323463 0.15365081 -0.00983545 0.00256037 0.11100714 -0.35871091 0.08092348 -0.19732414 -0.09495386 -0.34525844 -0.21960208 -0.38435313 -0.09667876 -0.00461038 0.06357959 0.05093426 -0.19705553 -0.21884778 -0.12186868 0.04736998 0.12114106 -0.30304673 0.03080735 -0.24046187 -0.35857216 -0.16517614 0.11445484
0.11148260 0.15385573 0.13522261 -0.13511103 -0.30361632 -0.01608613 -0.05290753 0.16805883 -0.13725349 -0.04614599 0.20453355 -0.02515872 0.39682072 -0.26884869 -0.15088059 0.11892638 -0.73191398 0.01489222 0.39252406 -0.07374246 0.04650484 0.03722967 0.29262176 0.07629081 0.08553807 0.00948090 -0.08133900 -0.17931141 0.25554645 0.03185822 -0.08567756 0.22700788 -0.10154984 -0.13116656 -0.40007538 -0.04424833 0.01675213 0.06387446 0.17502053 -0.17118615 -0.13641773 -0.21009043 -0.12570219 0.03564238 -0.03625695 0.03715540 -0.02621302 -0.10763498 -0.00177940 -0.05721458
0.61705977 -0.16427362 0.09736849 -0.11047515 0.34978873 0.20201315 -0.04520141 0.27596468 -0.11101085 -0.16291605 0.06537031 -0.02317194 0.30298689 0.02131634 -0.14806899 0.36522239 -0.85567421 0.19704436 0.56113881 -0.02361554 -0.21415691 -0.35074863 0.12545112 0.02155447 -0.05010469 -0.01181463 -0.13586698 -0.11514354 -0.04157092 0.02551959 -0.16224068 0.29929417 0.08317230 -0.25760791 0.56927371 -0.07697222 -0.01808414 -0.09324691 0.18807001 0.02006678 0.03842122 -0.34035853 -0.24221982 0.24835609 -0.01324407 0.22450496 0.14916979 -0.10240680 -0.15483595 0.08520714
0.83950192 -0.14317693 -0.61329192 -0.36982632 0.47007912 0.10802519 0.00554412 0.47714233 -0.07878731 -0.02590890 0.19876066 -0.03211451 0.14044005 -0.05274462 -0.19641648 0.02147750 -0.75923967 -0.06780562 0.33527589 0.01261321 -0.48856619 -0.15845680 0.17638826 0.06464276 0.32900181 -0.01317248 -0.16974202 -0.36307830 -0.15957771 -0.13982256 -0.00715707 0.01661247 0.14364527 -0.11282510 0.67635441 -0.01156031 0.00595016 0.27793938 -0.19269833 0.02401553 0.33429408 -0.05947220 -0.37856740 0.12297338 0.22022168 0.36442560 0.40015227 0.00938961 -0.15293100 0.04625683
0.58991963 -0.26238319 -0.43237424 -0.35805938 0.40876102 0.00985361 0.07407124 0.00630230 -0.08934149 -0.16152796 0.05954038 -0.05204888 0.06083131 -0.00685587 -0.06511912 -0.18702890 0.01745287 -0.59314275 -0.05842993 0.01695776 -0.73379606 -0.10265408 0.16840424 0.09737274 -0.21714559 -0.04158014 -0.17652163 -0.21884164 -0.12712358 -0.20574526 -0.09689229 -0.04560674 0.36072865 -0.34879392 -0.03723742 -0.08337246 -0.00243377 -0.04782747 -0.25511125 -0.64422345 0.19415531 -0.52708346 -0.37189028 -0.07964541 0.09147740 -0.16356981 0.21293412 -0.01416948 -0.18295203 0.05554624
0.60748142 -0.19193299 -0.34347928 -0.56580341 -0.23358215 -0.07046013 -0.06882399 -0.13833714 -0.07762222 -0.10050985 0.14124092 -0.04244716 -0.00318713 -0.27456883 -0.23297378 -0.11427712 0.84892416 -0.52732509 0.16197601 0.05928402 -0.46396673 0.07800871 0.01106000 0.06908565 0.38799408 -0.02909518 -0.10337918 -0.32609928 -0.45633942 -0.03334413 -0.09217273 0.06204802 0.18758646 -0.04362307 0.34991783 -0.03588018 -0.01173998 -0.03487035 -0.13315931 0.25019976 0.25844571 -0.19118470 -0.41657791 -0.14546424 0.06129903 -0.15734887 0.03477254 -0.04926126 0.06950334 0.08417707
-0.00001779 0.03623723 -0.20650777 -0.53425878 -0.01139787 -0.27830401 -0.00747215 0.05944205 -0.16553976 -0.04436984 -0.04198702 -0.04002843 -0.10523812 -0.03401783 -0.17474662 -0.23469540 0.81373256 0.36932549 -0.02952021 0.09956270 -0.37173313 0.62205440 0.05991996 0.09680591 -0.07392593 -0.04091383 -0.09825085 -0.12134824 -0.34527120 -0.05910667 -0.05337180 -0.04184620 0.12929051 0.03843649 0.22693206 -0.09284566 0.00961273 0.27757850 -0.28437173 0.13959406 0.19623944 0.02634692 -0.62086648 0.05252511 0.16731527 0.00463559 -0.58171362 -0.05096954 0.13227458 0.05749950
-0.11087137 0.27168888 0.14481150 -0.35216418 0.07414876 -0.35161793 -0.13786675 -0.08698867 -0.08379094 -0.11294366 0.07354427 -0.03978458 0.02915719 0.12505755 -0.12067224 -0.18958591 0.51888603 -0.00255301 0.03243248 0.04339641 -0.13858619 0.54487419 0.04238696 -0.01696989 -0.26410514 -0.04546035 0.00076441 -0.20945731 -0.17358568 0.07388222 -0.15358625 0.04085134 0.14502938 0.04063554 0.21889031 -0.00123065 -0.00808224 0.00812128 -0.07816461 0.24990995 0.04000321 -0.13138840 -0.06869479 0.12397356 -0.15627563 -0.25469783 -0.63491225 -0.15135807 0.07887693 0.04668050
-0.69936979 0.25457463 0.64831328 -0.33626756 0.02818622 -0.25544810 -0.19361344 -0.26258108 -0.24135432 0.02544135 -0.10978264 -0.03033403 0.01158598 -0.02963740 -0.19659118 0.11695142 0.13100410 0.00590234 -0.12017231 0.07627853 0.37039623 -0.22107768 -0.09276348 0.03388417 0.16468713 -0.02611984 -0.08605762 -0.11920870 -0.14868976 0.00977075 -0.04002517 0.17218129 0.08777691 0.15102458 0.27526313 -0.10400608 0.01271736 0.01145369 0.05559657 -0.02596955 0.13095321 -0.05914135 0.18608242 0.18267724 0.05181815 -0.28396749 -0.74618280 0.18391347 0.07627888 0.05049281
-0.94702750 0.22822672 0.33523554 -0.37651485 -0.29768252 -0.20441604 -0.17987397 -0.08519353 -0.09676469 -0.04412368 -0.03318056 -0.02731227 0.01214767 -0.38694155 -0.12847865 0.08707283 -0.13462259 -0.40430516 -0.19825333 0.08715554 0.27707246 -0.38135326 -0.05490172 0.10846496 0.27506748 -0.03497870 -0.01089758 -0.14532848 -0.22884940 -0.06084448 -0.13387054 0.05355299 0.27127355 0.34269303 -0.01132085 -0.04064135 -0.00742724 0.22117862 0.69024885 -0.26704696 0.27448383 -0.28853533 0.46592820 0.48048297 -0.15508313 0.02879387 -0.70140141 -0.08155061 -0.00233957 0.07063529
-0.59275639 0.02687720 0.18256448 -0.18747516 -0.21701346 0.07750434 -0.17586172 -0.06070770 -0.21689354 -0.13254651 -0.10570318 -0.03084809 -0.00351760 0.21365450 -0.19271642 0.25642282 -0.23959512 -0.38396960 0.12888664 0.03125711 0.05494845 -0.54794091 -0.12810357 -0.03749637 0.05081325 -0.02686709 -0.08024110 -0.17190911 -0.06916178 0.06686798 -0.02369423 0.05576258 0.04011495 0.18403356 0.23136346 -0.07218672 0.00321580 0.01023248 0.61499965 -0.25308302 -0.10755208 -0.20218971 0.34905526 0.56006110 0.06296732 0.15496878 -0.56933802 0.03925075 -0.13084465 0.01406642
-0.52676809 -0.12241253 0.12407333 -0.44507489 0.47186211 0.10111636 -0.20474231 -0.10204749 -0.15669100 -0.04670385 -0.01511133 -0.02761583 0.05809376 0.19224392 -0.06581261 0.12055561 -0.22981019 0.11699802 -0.43489653 0.06817501 0.40651548 -0.79605180 -0.09740786 0.15768512 -0.17209752 -0.02854845 -0.00937851 -0.20506653 0.02531259 0.14518380 -0.09535259 0.02081769 0.44969738 0.27842128 0.34821153 0.00900736 -0.01283173 0.18959522 0.06543779 0.34172633 -0.21944378 -0.29472199 0.36446160 0.44463482 -0.05451121 0.56294656 -0.08931096 0.06385635 -0.22176979 0.02980416
-0.49364260 -0.41462311 -0.10199492 -0.35379422 0.20700300 0.28959727 -0.16802500 0.45108339 -0.23723656 -0.15296766 -0.06357590 -0.03531435 -0.01510534 0.43470138 -0.18026125 0.20889956 -0.18385617 0.13798276 -0.37800640 0.10657476 0.16984704 -0.83549803 -0.07973103 0.01535521 -0.07163274 -0.02393038 -0.01967415 -0.11114585 0.16070919 0.07856220 -0.10829426 0.16791433 0.05758401 0.07915302 0.18900260 -0.04212593 -0.01523909 0.13855980 -0.27589405 0.18321720 -0.08970200 0.19459516 0.02064040 0.21689613 0.13098522 0.46561697 0.77831143 0.19530270 -0.08035596 0.02993183
-0.38270444 0.09030307 -0.25681666 -0.21530592 0.07773801 0.11110425 -0.30890673 0.24840252 -0.19699077 -0.05006937 -0.08276667 -0.03039813 0.09345441 0.02954698 0.02583916 -0.04772027 -0.08320738 0.14474994 -0.30059174 0.06709635 -0.08193767 -0.48376787 -0.09327000 -0.06039738 0.06807670 -0.03370993 -0.03800871 -0.24151115 0.35207996 -0.08185280 -0.13895184 0.24169870 0.46119407 0.08813202 0.13591863 -0.01111198 -0.00105636 0.14609368 -0.40998155 -0.32983100 0.00358438 -0.10808302 0.04833236 0.21960250 -0.08155271 0.36042553 0.74283808 0.11921291 -0.17494038 0.10327143
-0.42342192 -0.17759728 -0.52719909 -0.44887707 0.13209936 0.19839488 -0.20848610 -0.14483301 -0.23182476 -0.07748402 -0.08316795 -0.02114697 -0.01386905 -0.32889849 -0.08248594 0.40181395 -0.02486077 -0.18068200 -0.12228940 0.07606632 -0.07131374 0.42131364 -0.04964945 0.02731761 0.02020168 -0.01666022 0.06903169 -0.16188832 -0.09926792 0.03948243 -0.16903390 0.13627379 0.10134086 0.13944645 0.08609369 0.00936737 -0.00541797 0.21018378 -0.71256566 -0.21754061 0.07825406 0.24927160 -0.19424769 0.16700149 0.04558169 0.26591727 0.34512064 0.44357127 -0.23026177 0.03885532
-0.11435744 0.00889800 -0.47586614 -0.17607151 0.18418995 0.06558493 -0.28646463 -0.17723353 -0.15473843 -0.02762500 -0.15365160 -0.02009397 -0.01030903 0.06210728 0.04318019 0.29909855 -0.18638542 -0.09388351 -0.16554099 0.04228962 -0.09891933 0.77858597 -0.07973801 0.05481520 0.24353166 -0.03468184 -0.01355284 -0.03961500 0.10919269 0.05863637 -0.10408133 0.08984111 0.20144479 0.24359484 0.29863244 0.00601690 -0.01019949 0.44690886 -0.80524200 -0.11393035 0.11607389 0.20001797 0.01767874 0.47086629 -0.00984904 0.19717519 0.34076992 0.11181254 -0.23867413 0.16421740
0.01103050 0.15347168 -0.58892685 -0.25793779 -0.07692993 0.04171440 -0.18940231 -0.83495957 -0.20433439 0.00957275 -0.09746470 -0.01996786 0.00424850 0.04816772 0.01276498 0.03785209 -0.32670534 0.47586128 0.31643945 0.08526987 -0.03651337 0.45232433 -0.10926626 0.08493620 0.06113041 -0.02908499 0.05217769 -0.14864258 -0.51988643 0.08519959 -0.13495666 0.10707316 0.11325625 0.03241823 0.22096208 0.02625963 0.01630200 0.25274500 -0.55823517 0.74958742 -0.06742599 -0.08420151 0.01170507 0.35262346 -0.10343921 -0.51637250 -0.08765604 0.14410454 -0.30549234 -0.02158513
-0.25738597 0.12685341 -0.26885030 -0.19792686 0.03737924 -0.11548347 -0.25145373 -0.70478922 -0.11884240 0.06300700 -0.06526233 -0.00920809 -0.10905168 -0.04051570 -0.03834612 0.00225018 0.03726953 0.43388626 0.11143606 0.06846832 -0.09822634 0.33999780 -0.03349935 0.17269516 0.07406047 -0.03850143 0.04277135 -0.02137729 -0.35326517 0.21973452 -0.05838241 0.20410414 0.08885667 0.20246024 -0.02997692 -0.02170098 0.00893414 0.31675777 0.39819488 0.51429415 0.18857333 0.22190543 -0.08004371 -0.00980138 0.00087873 -0.32038912 -0.01547352 0.57752150 -0.41244578 0.05009412
-0.06001213 0.11480280 -0.04241639 0.03456810 0.09756010 -0.09505297 -0.18903092 -0.31783813 -0.20206593 0.05390127 -0.05821970 0.00550474 0.01157209 0.30991656 0.04964297 -0.03134372 -0.13341202 0.63674700 0.00609859 0.05068791 -0.15033092 0.11933810 -0.07255379 0.11701733 0.38453171 -0.04189369 -0.00122961 -0.09105985 -0.15142348 0.07398348 -0.10201450 0.11372025 0.02360875 0.14091371 0.08300214 0.05027430 -0.00620503 0.11350533 0.86476332 -0.03554615 0.37860045 0.01950307 -0.03675942 -0.21368949 -0.01909754 -0.15632285 -0.16260670 0.13443989 -0.12571183 -0.08794887
-0.36007449 0.07974663 -0.10680667 -0.17604627 0.02506962 -0.46093339 -0.12512693 0.13099913 -0.06749266 0.03985960 -0.05907529 0.00770879 0.02069060 -0.32076034 0.07825910 0.04774983 0.05477282 0.20230533 -0.09732891 0.01020710 0.03283549 -0.06834871 0.05636977 0.10839820 -0.12228331 -0.03984445 0.03582671 -0.04206651 -0.32736409 0.17797065 -0.01712729 0.10089964 -0.14175944 0.26354977 -0.14055306 -0.01791572 0.00934661 0.30025902 0.38815427 0.50041205 -0.01974757 0.07317722 -0.07803369 -0.47765481 0.01603224 -0.25653136 -0.01549186 -0.04734747 -0.32953069 0.08680795
-0.08965433 0.14997733 -0.14486785 0.12104647 0.16499658 -0.33614221 -0.28947547 0.45735088 -0.05593644 0.00147587 -0.11450227 0.01819624 0.03014077 -0.02270311 0.09667704 -0.10321578 0.05045044 -0.09883318 -0.28901798 0.03772017 -0.30879518 0.07794517 -0.08871736 0.05688273 0.01611994 -0.04321425 0.00085788 -0.02256398 0.28186637 0.15092827 0.00213162 0.35272232 0.05900315 -0.14795096 -0.48499173 0.10155602 -0.00576396 0.31461322 0.56272787 -0.09439486 -0.15861376 -0.05703161 -0.00224215 -0.79057187 0.01397366 -0.35101011 0.01482430 -0.06132100 -0.14035365 0.01983646
-0.17135544 -0.11959811 -0.05615310 -0.08823145 -0.02127707 -0.38804263 -0.03477898 0.55940640 -0.11914489 -0.03621167 -0.05896509 0.03049028 0.03001075 0.50621581 0.10215673 -0.26211670 -0.34391084 -0.24053594 -0.48600870 0.02377618 -0.29573861 -0.14595343 -0.02571660 -0.02169888 -0.43944308 0.01281831 -0.01284261 -0.00090175 0.15329300 0.16452762 0.04347109 -0.04840247 -0.11035632 0.25305474 -0.55627429 0.03364809 -0.00071050 0.31717771 0.13368684 -0.47346190 -0.02778260 -0.34483704 0.16258191 -0.53282154 -0.00740257 -0.32668835 0.05071989 0.18797445 -0.19610827 0.02482304
-0.19498301 -0.33600959 -0.03723518 0.06899733 0.03622114 0.12638959 -0.19041011 0.54958737 -0.08791948 0.01797117 -0.00257848 0.00805045 -0.00600169 0.22890852 0.08469415 0.00226768 -0.19407867 -0.11148078 -0.79847574 -0.00510883 0.13110867 0.15850787 -0.09170741 0.05398988 0.09896215 -0.00211169 0.03710499 0.02069974 -0.30188686 0.23455064 0.06945953 0.18421948 -0.11297709 0.10241126 -0.43194366 0.05994603 0.01258887 -0.14289713 -0.03510883 -0.35721487 -0.29279140 -0.28666991 0.15683076 -0.16911565 0.03785390 -0.17352529 0.04522750 -0.11605351 -0.07141168 -0.04879044
-0.32969195 0.23599721 -0.31557968 -0.02953519 -0.17727397 0.15508944 -0.17566478 0.27374855 -0.07990709 -0.02392664 0.00015498 0.02613242 -0.00849697 -0.04327552 0.15044661 0.27112433 0.13523009 -0.35107478 -0.52840441 0.01288675 0.04310431 0.23571564 -0.07502403 0.17996687 0.19274178 0.00517549 -0.01933734 -0.00274933 -0.23488899 0.29453009 0.00529215 -0.15089442 -0.00989444 0.06286626 0.04553344 0.12061580 0.01455619 -0.02010356 -0.03763987 -0.29389343 -0.28178266 -0.26052779 0.04068507 -0.27151787 0.02297867 -0.22814448 -0.42956942 -0.14679210 -0.07189514 -0.06564937
-0.08612281 0.07852340 -0.21508646 0.15855573 -0.12261306 0.56682748 -0.02364771 -0.07149775 0.02654381 0.15837964 -0.00442954 0.01872687 -0.01557763 0.00985002 0.10014746 0.24059398 0.21519545 -0.27100736 -0.19679415 0.02999636 -0.19904296 -0.01301503 -0.03580782 0.15166436 0.15882339 0.01116445 0.02393194 -0.02535250 0.05375966 0.28312054 -0.03128625 -0.21968634 -0.03689937 0.31653589 -0.18065938 0.03557187 -0.01250171 -0.37601399 -0.01431658 -0.20437038 -0.26582816 -0.11250128 -0.20189305 0.04652138 0.04158473 -0.13325094 -0.30345875 0.05538167 -0.09983222 0.09854197
-0.08261374 -0.07894392 0.27235213 0.29978916 0.18703914 0.24471582 -0.07088666 -0.31592861 -0.07956663 0.17019984 -0.06576132 0.02329624 -0.02085380 -0.04497314 0.08849075 0.66489547 -0.12540163 -0.29332998 0.46510473 0.07781554 -0.04623653 -0.02271526 0.07679452 0.32428709 -0.07617135 0.00700712 -0.01123730 0.05065889 -0.16310401 0.29582438 0.00921234 0.04212294 0.02531314 0.45669174 -0.11692987 0.00095011 0.00833239 -0.18503278 -0.34153247 -0.06468055 -0.25363076 0.04450196 -0.31257620 -0.25959373 0.19365877 -0.09757305 -0.41287521 -0.00663436 -0.04131898 0.06962021
-0.63009590 -0.14989282 0.19637421 0.49843150 0.47580293 0.34965345 -0.18365102 -0.64356935 -0.14516488 0.31499553 -0.06429041 0.04485239 0.06301707 0.24439611 0.09555341 0.05177284 -0.03899636 -0.51094347 0.88464862 0.02487740 -0.40144065 -0.73291153 -0.01451469 0.56353140 -0.28254443 0.04488051 -0.08843745 0.18613462 0.20781478 0.48319170 0.26741901 -0.64007074 -0.33035678 0.89186710 0.37446192 0.03883945 -0.01396827 -0.79486501 -0.12705372 -0.30628550 -0.20339192 -0.29749137 -0.38416198 -1.22541010 -0.33471552 0.11029974 -0.35831121 0.09219619 0.01805766 0.45357889
