0.41405839 -0.36531535 -0.05530522 0.59565800 -0.00066625 0.01692776 -0.04059893 0.42350447 0.16956343 0.02840984 0.02540045 -0.05002373 -0.20924416 -0.19551887 -0.03272340 -0.06308876 0.44056386 -0.03011358 0.02779682 -0.10660994 0.04889235 -0.20813796 -0.64036095 -0.00806576 0.08566152 -0.45479909 -0.01339034 0.02542927 0.22691286 0.01602313 0.50386631 -0.72961211 -0.18117590 0.28992894 -0.08268587 0.01404533 -0.32828316 -0.12205503 0.03835889 -0.31182209 -0.20321411 -0.03999904 0.08716840 -0.11490338 0.02109064 -0.00803002 -0.23510295 -0.07540911 -0.11594515 -0.02007743
-0.49849346 -0.11288299 0.15462680 -0.11322563 -0.00985156 -0.04078139 0.08283745 -0.42981347 0.27108276 -0.11561856 -0.11592443 -0.22839545 -0.12011661 0.22504704 -0.01200517 0.23707937 0.72434294 0.02304909 -0.00918344 0.04019506 0.13891450 0.08543243 -0.52312964 -0.16265802 0.07701830 0.07597007 0.08049657 -0.06197884 0.31055388 -0.25947285 -0.02791746 -0.10003570 -0.01361348 0.03504883 -0.04730029 -0.59116161 -0.12296950 0.05721849 -0.01309573 -0.22341184 -0.10218702 -0.09773430 -0.16471010 -0.09642956 0.01946447 0.04463128 -0.07550510 -0.53923863 -0.06501004 0.12926908
-0.50428843 0.03163585 0.02319705 -0.49160945 -0.00536598 0.07740903 -0.09458759 -0.55740303 -0.00290283 -0.10948902 -0.22582062 0.12361757 -0.00842453 -0.25192961 -0.01397891 -0.11763095 0.12198027 0.00502173 -0.03413365 0.26974571 -0.20701067 0.27511761 -0.12062857 0.32596534 -0.00579534 -0.18268198 0.07633349 -0.15137281 0.35375869 0.27809283 -0.68976539 0.90126300 -0.25705808 0.32447127 0.03587675 -0.59980816 -0.15223169 0.06783218 -0.03332737 0.13914478 0.10240246 0.00156128 -0.21649234 0.03484141 -0.09392665 -0.05639447 -0.04122841 -0.20050362 -0.07097331 -0.01406567
0.72495329 0.05947898 -0.17145252 -0.25242251 -0.02578099 0.03963925 0.02136376 0.32260257 -0.03945571 -0.16749370 -0.03450523 0.40525523 -0.13070980 -0.29588610 -0.03829027 0.14054918 -0.39205304 0.00953167 0.03985637 0.11563236 -0.31930837 0.02387759 -0.06083262 0.20270681 0.00008321 -0.53792417 0.13107757 0.06071533 -0.03823934 0.19657870 -0.34423703 0.71259540 -0.26151183 0.15549892 0.05904726 -0.28770080 -0.11481702 -0.01762336 0.05477905 -0.03155285 0.22974099 0.20047145 -0.02972490 -0.08192042 0.02988169 -0.21304286 -0.07323407 0.40957266 0.18183619 -0.23753107
0.58250761 -0.14837624 -0.07805879 0.14428245 -0.10660335 -0.21313331 0.00346271 1.12888861 -0.12318780 0.14389126 0.00100521 0.12248211 -0.15667328 -0.21001226 -0.02450374 0.13332728 -0.65589952 -0.00572241 0.00486136 -0.06357453 0.26003191 -0.21307275 -0.00450000 -0.30426168 0.03649412 -0.32910743 -0.03181640 0.27588555 0.40186390 0.42101696 0.15549582 -0.40044123 0.06488356 0.12846728 -0.12680638 -0.03474246 -0.21528462 0.03471178 -0.02897526 0.13205595 0.03131665 -0.04355910 0.04613825 -0.01981482 -0.00194852 -0.28437421 0.03419292 0.34328836 -0.15271543 -0.01696446
-0.70115936 -0.17067844 0.12885632 0.08710339 0.05531611 -0.00607118 0.04897041 0.57374793 -0.09020587 -0.38746652 -0.08376291 -0.41314510 0.10003355 0.17888828 -0.02612570 0.30920589 -0.81107485 -0.00504048 -0.05348082 -0.14580372 0.58457059 0.08856418 0.15700537 -0.01115263 0.03042806 -0.26448879 -0.24866536 0.00901072 0.37260756 0.02843296 0.38139069 -0.63577253 -0.02870017 0.09660479 -0.17773457 -0.00703297 0.16628882 -0.01264859 -0.05175738 -0.25328496 -0.06740160 -0.00947282 -0.03631112 -0.08209796 -0.05464965 0.04721073 -0.10929791 0.30563977 0.12438107 0.14199570
-1.11800218 -0.09554029 0.11404186 -0.12790979 -0.07015655 -0.01042005 -0.00021283 -0.42288348 0.06424027 -0.10774507 0.12395548 -0.13266088 -0.01005912 0.08743652 -0.05471662 -0.03891539 -0.68564045 -0.00147425 -0.05891101 0.01054533 -0.26376435 -0.11689543 0.14476097 0.41317490 -0.11194032 0.09194274 0.22503865 -0.19819380 0.25403327 0.00677405 0.58045435 0.30614641 -0.13062124 0.14364766 0.05361415 0.23347589 0.08880452 -0.08424805 -0.02394141 -0.31373510 -0.14298442 0.14818642 0.03106276 -0.03267272 0.00927925 0.31146690 -0.02660787 0.12055825 0.02835443 0.07317314
0.08876293 -0.08961668 -0.12193864 -0.30079690 0.03332999 -0.00314025 -0.02812580 -0.61635900 0.01988254 0.07803810 -0.07261458 0.18978713 0.11148635 0.07734909 0.04227374 0.10499227 0.33977559 0.00253155 0.03206250 -0.17664859 -0.87235564 0.07666139 0.17739132 0.14227906 -0.00653002 -0.13153762 0.18303631 0.02438508 0.26482430 0.00863111 0.98524398 0.38600281 -0.07174811 0.00376558 -0.06854652 0.30935505 0.02975845 0.29824194 -0.03249192 0.20896132 -0.41203278 -0.15138043 0.03797815 0.15618986 -0.06701846 0.10774509 0.04544654 0.35303417 0.08665844 0.01937674
1.08927214 -0.03952099 -0.10317685 0.00324031 0.03710469 -0.14604135 -0.01842254 0.02902034 0.04094964 0.02785822 -0.32136405 0.12406005 -0.23790704 0.14761193 -0.15945806 0.30371791 0.68590444 0.00015590 0.11688253 -0.10235556 -0.12493076 -0.04120562 0.50335908 -0.58655292 0.17423967 -0.15962392 0.16760644 0.00333354 0.28834784 -0.06853402 0.17000976 -0.27992719 0.09769217 0.14793628 -0.00353150 0.05168021 0.16600913 0.08738779 -0.17032626 -0.12903802 -0.27232239 -0.12877269 -0.07400855 -0.06822784 -0.16921407 -0.10077406 0.18913507 0.19832070 0.08928251 0.15168072
0.14264238 -0.13157713 0.21620774 0.31558022 0.07048699 -0.02988015 0.08816297 -0.42124170 -0.02600427 -0.16507313 -0.33264190 -0.27576914 0.00000418 0.13794091 0.06601761 -0.08365484 0.14418107 -0.01125383 -0.22119246 -0.11603486 0.80826283 -0.22674011 0.43142056 -0.07523893 0.10678795 0.09525252 0.21108603 0.07810959 0.44488633 -0.35717690 -1.13031089 -0.18506023 0.15255246 0.41623527 -0.00955591 0.06862332 -0.39898995 -0.08062402 -0.14584158 -0.21271972 -0.39500889 -0.20274609 -0.07234044 -0.07740172 -0.01709194 -0.27462476 0.16640551 -0.18003862 0.02697253 -0.17819063
-0.72700590 -0.26794958 0.03518194 0.26033801 -0.04203470 -0.07642362 -0.08372496 -0.35391375 0.35711956 -0.14206868 0.28811446 -0.07285698 -0.12497304 -0.03309124 -0.04223337 0.11362471 -0.47098026 0.00338210 -0.11914083 0.02814530 0.14577463 -0.03840376 -0.05117684 0.33292258 -0.03471598 0.18558015 0.23225436 0.01019359 0.42589962 0.01996303 -0.82987154 0.05569351 0.02227144 0.28509250 -0.25824004 -0.12742770 -0.75920933 -0.02820416 0.56164980 -0.00974181 -0.52825397 0.26020038 -0.28687167 -0.08836036 0.11912522 -0.14634413 -0.17785819 0.00606347 0.16998099 0.07648480
-0.35229778 -0.47167739 -0.32643354 -0.27143732 -0.08716290 -0.20476712 -0.26495111 0.21530491 0.19466053 -0.11592979 1.12304282 -0.01069853 -0.37299708 -0.29757658 -0.33596006 0.04977274 -0.13437192 0.00496743 0.26176664 0.08335366 -0.44684958 0.27511862 -0.48361510 -0.23590706 -0.02155436 0.15281354 -0.19763601 -0.13168992 0.26507509 -0.05861164 0.25910571 -0.05245727 0.17392524 -0.28742358 -0.75563645 0.02436971 -0.02101344 -0.15015467 0.70390028 0.15367514 -0.00888888 0.11879265 0.03403349 -0.68118733 -0.01771652 -0.06905093 -0.25169438 -0.28506663 -0.00770500 0.02657120
0.19067609 0.38023952 -0.21029952 -0.02252518 -0.00903690 -0.05006769 -0.18026473 0.04000610 -0.21377648 -0.16821522 0.95187092 -0.09239767 -0.00818990 -0.47800881 -0.08166485 0.09360200 0.00526650 -0.00861038 0.13631456 0.18603717 -0.24915771 -0.11706980 0.03059877 -0.29351744 0.07426631 -0.09625404 -0.21065545 -0.21381709 0.33037877 0.10667641 0.18111475 -0.13903721 0.23315486 -0.00619926 -0.87590295 -0.08194517 1.30873132 -0.21809137 -0.40666708 0.32811987 0.16170925 0.37266427 -0.13762231 -0.26651365 0.14616096 -0.01532609 -0.58771992 0.01628210 0.10249674 -0.66531229
0.06194405 1.28899813 0.06291071 0.26601312 -0.13728507 0.13021590 0.18810880 0.12346489 -0.21099027 0.20060122 0.04215560 0.05359452 0.23618191 -0.15889913 0.04808567 0.41511112 -0.01895090 0.02163480 -0.06284048 0.22113477 0.14557105 -0.06565467 0.10209845 0.01648602 -0.19668652 0.15137464 -0.10315941 -0.03752451 0.36509475 0.49208385 -0.00034333 -0.00096245 0.37452802 0.14833422 -0.51800549 0.16722688 2.36501789 -0.23985791 -0.29765460 0.13454448 -0.05545017 0.23649018 -0.26775944 0.49384892 -0.07191814 0.04519117 0.27971333 0.14033583 -0.03298328 -0.01593950
0.02701607 0.12940224 0.10078630 0.05339841 0.17044219 0.13788085 0.38922650 0.11298404 1.37421429 0.88169754 1.60961366 0.14068404 0.41542289 1.09135556 0.02893354 0.92612517 0.25115362 0.08191779 0.35651150 -0.10695034 0.10914808 1.08518589 0.04000849 0.33106494 -0.28333578 0.26735350 1.41686153 0.86703062 1.37609088 1.01726770 0.10203440 0.27823156 0.84197807 0.29229310 0.26680812 1.17063785 0.33537281 -0.17174016 1.08964145 1.26570749 -0.03668927 0.19002208 -0.07051977 0.06446172 -0.52750856 0.16342847 1.19403470 0.90102994 0.48668048 2.26394129
0.23818226 0.52852112 -0.06367690 -0.01436686 0.31165403 -0.00923729 -0.06927462 0.29233953 1.39348328 1.27794063 1.24084342 0.10964687 0.07709938 1.61062765 -0.04812975 1.32845819 0.19669500 0.28926966 0.24281773 0.18123180 0.07899887 1.21325696 0.06845752 -0.06412030 -0.32061073 0.02727963 1.71620178 1.15033579 1.69954765 1.21967161 0.25489339 0.02440901 1.11599278 0.14142349 0.72750503 1.26700509 0.83276439 -0.26591828 0.67493176 1.62317395 0.08759610 0.22951680 0.44028315 -0.12162654 -0.66654146 0.13755150 1.41088605 1.33357620 0.44347936 0.05306839
0.08656032 0.34251258 0.09651432 0.30450007 -0.34909919 0.10223065 -0.16753395 0.30823481 0.80181020 1.24850702 0.49225390 0.17588477 0.12537695 0.87970316 -0.15915518 0.88326228 0.07041153 0.02310586 0.18723081 0.18169549 -0.08796222 0.28367248 0.02064681 0.10939716 0.03926060 0.35939217 1.02747333 0.74759281 1.29709542 1.12992060 0.29201785 0.02807625 0.93465322 0.09659017 0.52642870 0.53762197 0.69571972 0.12454409 -0.38623634 0.96926576 -0.01390186 0.16233276 0.47147590 0.01690411 -0.12823802 0.08728610 0.59116602 1.49539125 0.26796320 -0.55562478
0.24476859 0.29543099 0.10525897 0.28718486 -0.01839772 0.05541597 0.00773956 0.05274766 0.32481652 0.25892523 0.12369823 -0.02907830 0.12618679 0.06158720 0.03639242 0.26508608 0.09611787 -0.00722090 -0.21928065 0.35481304 0.24040791 -0.30674669 0.00274629 0.25392255 -0.05657921 0.19201437 0.28222758 0.37694302 0.58435220 0.62223840 0.29021117 0.34919524 0.32331640 -0.04063859 0.35955861 0.66969097 0.76131874 0.13828605 -0.29538724 0.23267978 0.13540871 -0.11354846 0.30812159 0.03024543 -0.08946629 0.12771700 0.35720009 0.49068898 0.22534475 1.55497146
0.00389784 1.47772396 0.11057882 -0.27354175 0.27373788 0.11478020 0.19886012 -0.16723251 0.84444135 0.34018251 -0.05890136 0.07330517 0.02783866 0.07689506 0.02266126 0.37891498 0.22366299 0.00400926 -0.03060833 0.01629250 0.12537354 0.04019881 0.19445403 -0.02333196 -0.10692483 -0.32779816 0.19380969 0.07080185 0.33148697 0.03777116 -0.24446842 -0.06141067 0.24395697 0.36833268 -0.42282474 0.09619882 0.03112073 0.00514611 -0.12667580 0.32587439 0.09105173 0.16630179 0.12607011 1.07710314 -0.01224757 -0.02895545 0.20508343 0.11349882 0.39964291 1.04512584
-0.20437878 1.03869736 -0.19414994 -0.25430572 0.04123196 0.07377421 0.25636333 0.13245563 0.57560521 -0.31369412 -0.18984979 0.01743416 -0.13011257 0.57028180 -0.06320974 0.22169356 0.18377638 0.02736708 0.02546210 -0.50617129 -0.23670515 0.67799270 0.08635851 -0.32420951 -0.11016067 0.07003310 -0.00060598 -0.26395887 0.02364966 0.10567638 -0.17922154 -0.23308696 0.25389692 0.23151636 -0.37328476 -0.36299041 -0.09572183 -0.03975178 -0.14939517 0.39089942 0.16507417 0.32210499 -0.13471903 0.79267174 0.13801259 0.10419320 0.19816786 -0.12748317 -0.35504493 0.16105205
0.12965332 0.03670481 0.05874617 0.16506618 0.13109742 -0.14625306 0.78299308 0.05233081 0.67639643 -0.01450282 -0.36055818 0.16714533 0.14991365 0.40510476 0.29319921 0.12974228 -0.14514978 -0.01639497 -0.04622183 -0.37491268 -0.00194534 0.57353073 -0.18083909 0.19420902 -0.14027804 0.57010281 0.04732723 -0.11921512 -0.02646215 0.06596892 0.13220413 -0.01691240 0.08219976 0.05158758 -0.16756013 -0.20275675 -0.46444616 -0.13865331 0.15532652 0.42380917 -0.01010810 -0.17143251 0.04542227 0.71222293 -0.01384703 0.02071172 0.28076965 -0.18393803 -0.47340184 -0.16636047
0.40147871 -0.55541742 0.01818405 0.43312153 0.11543871 0.16951846 0.62764406 -0.01336058 -0.04306841 -0.29144630 -0.60538805 -0.21757220 0.17496382 0.03612246 0.22452344 -0.07503677 -0.14449714 -0.01320773 0.00930747 -0.17404877 0.03704048 -0.29363480 -0.25897801 0.20635033 -0.08699872 0.36539325 -0.19332951 -0.18234295 -0.20426618 -0.38114169 0.35490590 0.37773585 -0.25957835 0.18791553 -0.08220889 -0.29686984 -0.40270007 0.01794265 0.03025867 -0.12619187 -0.24644169 -0.14320764 0.03925410 -0.15862861 -0.20696878 -0.24796881 -0.13136421 -0.23361106 -0.49060082 0.05708987
-0.13171291 -0.45520875 0.11350477 0.04586692 0.34069836 0.03487900 0.34024549 -0.08433481 -0.40788704 -0.24665400 -0.12924927 -0.37121102 0.07116831 -0.16781111 0.33929607 -0.42437387 0.14142112 -0.00264288 0.09353454 -0.19067703 -0.01056234 -1.04121578 0.14828198 -0.29873088 -0.06676439 0.00972488 -0.34778792 -0.02529835 0.10720690 0.19331490 0.07294539 -0.14538388 -0.19951802 0.11516968 -0.19381452 0.05752290 -0.25271234 -0.16879489 0.01310401 -0.34031680 0.04894880 0.14767672 -0.10004815 -0.67298692 0.00088919 -0.15912764 -0.44163585 -0.24258365 -0.21681757 -0.17096274
-0.41078627 -0.24985749 -0.17282315 0.03964178 0.06924541 -0.06460084 -0.01522517 0.13230696 -0.50329065 0.14675224 -0.09535529 0.24340868 0.08841840 -0.04581964 0.32612652 -0.09020532 0.08161444 0.00563982 0.11971325 -0.28953302 -0.21133347 -0.91113478 0.14659344 -0.19676344 -0.22678201 -0.17450918 -0.29343536 -0.11368570 -0.19894966 -0.06020469 -0.39113003 -0.37567553 -0.38625434 0.07843918 0.01048500 -0.05926451 -0.11687996 0.08144632 -0.07365693 -0.25532088 0.11151702 0.12617199 0.02969491 -0.60343266 0.00782510 0.17085655 -0.74672306 -0.44324580 0.38884997 -0.33215982
0.05029618 -0.18396437 -0.15311475 -0.66829127 -0.00108999 0.03572798 -0.38645241 -0.10147090 -0.37155548 -0.01170439 0.05109676 0.05407228 -0.13223076 -0.38428676 0.23000041 -0.17759268 0.16661867 -0.00783163 0.05683924 -0.29319826 0.01124417 0.09440495 0.06630639 0.15649620 -0.22771828 -0.43556803 -0.18461350 -0.08686814 -0.34785625 -0.19674286 -0.33018258 -0.07964646 -0.19160190 0.10736841 -0.15197137 -0.19364634 -0.12334847 -0.04611526 0.01862631 -0.12284352 0.04707801 0.11475678 -0.13960554 -0.20637883 -0.07962947 -0.03319187 -0.51388794 -0.22856764 0.36795115 -0.15700418
0.08920339 -0.39890292 0.00664304 -0.29138723 -0.07944074 0.01427790 -0.33412340 -0.04780811 -0.12572156 -0.24439803 -0.20634744 -0.40026841 0.03101156 -0.44665083 0.10604584 0.05778823 0.00201455 -0.01208422 0.09986776 -0.44055888 0.01038457 0.84278566 -0.15677480 -0.09576500 -0.27874807 -0.20230755 -0.00144557 -0.00944916 -0.19449426 -0.09014124 0.33011851 0.08479210 -0.21021099 -0.05200292 -0.16302827 0.04285590 -0.04165536 -0.08480766 -0.13148132 -0.24829431 0.04040918 0.21170828 0.12552752 -0.32189381 -0.06506780 -0.22342870 0.09389322 -0.22384703 0.53084433 -0.05618104
0.02026287 -0.34452048 -0.00634979 0.34867918 0.02666144 -0.14082780 -0.34561741 0.15698989 0.28534654 -0.13363715 -0.10394371 -0.08710236 -0.34121943 -0.17808276 -0.16971157 -0.17223310 -0.07267669 -0.01616030 0.13942365 -0.31625223 -0.05170907 0.51191801 -0.03988715 -0.08389340 -0.05829392 0.47217241 -0.16870619 0.16575508 -0.34135208 -0.04333723 0.10351138 0.01354328 -0.23291434 -0.05620855 -0.17480488 -0.15294807 -0.09944844 -0.14445882 0.06609368 -0.15040241 -0.24484307 0.28389007 0.06269687 -0.15654005 -0.28000554 -0.12751228 0.01448276 0.03243525 0.19413459 0.09216069
0.02014532 -0.22046408 -0.21121447 0.12805298 -0.10150180 0.11369098 -0.27418146 -0.14503433 -0.07965182 -0.02835756 -0.20737223 0.11982805 -0.26826319 -0.23043412 -0.19429281 -0.05179860 -0.14336011 -0.00841793 0.08829452 -0.20762171 -0.15441734 0.31708229 -0.13928713 0.16853698 -0.23824455 0.30547029 -0.02479328 0.09038557 -0.21100233 0.25128451 0.00288237 -0.10188454 -0.31046027 0.04409649 -0.01704249 -0.15371463 -0.20293300 -0.03353814 0.05113197 -0.33239698 -0.13707843 0.24814942 -0.01720102 -0.30410120 -0.26500875 0.15695406 0.06270476 0.12456409 0.22058679 -0.07606670
-0.04317456 -0.18286367 -0.03746168 -0.07375731 -0.12314165 -0.11347617 -0.28257269 -0.05995267 0.32496610 -0.29099751 -0.16165122 0.08281071 -0.00690927 -0.18976833 -0.24920495 -0.27466697 -0.02459547 -0.01599383 0.06251680 -0.29985783 -0.03933269 0.25290623 0.10008617 -0.08525227 -0.09170858 -0.20535032 -0.33762616 -0.42187974 0.17477827 -0.23163913 -0.15470344 -0.11610813 -0.12446506 0.31741491 -0.09262258 -0.11032358 -0.14074640 -0.14450257 -0.04584983 0.01966332 0.12510671 0.40030953 0.08296064 -0.10776570 -0.27740470 -0.07967475 0.12502360 0.01084228 -0.25511000 0.16824447
0.07697603 -0.17414467 -0.02312384 0.16183133 0.00789164 0.08018084 -0.23099180 0.15490167 0.06268899 0.03216903 0.10793008 -0.27887583 0.21792994 -0.15393683 -0.23223224 -0.02294358 0.01743088 -0.00092003 0.14286798 -0.31612241 -0.16584714 -0.02123209 -0.01937555 -0.56462747 0.07720493 -0.09347641 0.08795875 -0.17443532 -0.26405820 0.11446781 -0.07942074 -0.16898532 -0.30225739 0.12416343 -0.11591674 -0.09306595 0.09584096 0.12038612 0.05980814 0.18355095 0.23470439 0.14252470 -0.01457265 -0.10418173 -0.42188433 -0.02896477 0.03412305 0.24417886 -0.18712467 0.00238802
-0.31765246 -0.36903149 -0.09388360 -0.19001132 -0.09428561 -0.08123618 -0.09458146 0.19872184 0.11247405 0.22744329 -0.25583282 -0.22283423 0.11306641 -0.30488303 -0.27165222 0.19878994 0.29020327 -0.01458503 0.06631111 -0.51074719 -0.02091635 -0.12531751 0.01586404 0.02580008 -0.04819807 0.17854674 0.13427864 -0.31533590 0.03418842 -0.05172415 0.07963797 0.23250932 0.08541667 0.09447198 -0.00723383 -0.19800341 -0.18116607 -0.02909486 0.03212179 0.27152961 -0.09234310 -0.19478410 0.00631234 -0.25744176 -0.29588991 -0.18265247 0.04461459 0.03770662 -0.08653661 -0.11981927
-0.20639193 -0.16482866 -0.11475389 0.22720516 -0.02780889 -0.02132817 -0.22113214 -0.12698729 0.20146143 0.35065818 0.04264027 0.23000212 0.12808692 -0.42463687 -0.23394066 -0.09195422 0.21234243 -0.01712854 0.11269367 -0.20604099 0.11935770 -0.22468776 0.13555612 0.32772979 -0.11946639 0.08338706 -0.13440628 0.07696765 -0.06461647 -0.33314037 0.10022476 -0.28020814 -0.17335522 0.03174587 0.05676346 -0.23168680 -0.29910243 0.11585818 0.21036197 0.03501107 0.00473788 -0.29279897 -0.00696923 -0.05696000 -0.26695392 -0.22604638 -0.17994396 -0.33116138 -0.00370875 0.16658255
-0.03572636 -0.26447257 -0.01818738 0.32446271 -0.04072555 -0.04689382 -0.05733377 0.01758397 0.12189247 -0.03546437 -0.09309454 -0.11530744 0.06832219 0.08209965 -0.29903123 -0.06447484 -0.10518684 -0.00798258 0.05728811 -0.12843525 -0.13196351 -0.13988347 -0.02574354 -0.14149725 -0.06341897 -0.01763298 0.10941781 -0.18797749 -0.28078616 0.02835741 -0.20609762 -0.09341963 0.19817959 0.10422849 -0.14043579 0.02514436 -0.12249087 -0.02956130 -0.00082839 0.15086681 -0.18019417 -0.19568406 -0.06775600 -0.24232355 -0.14551131 -0.00022665 -0.26616743 -0.23602661 0.44062746 0.13971010
0.09452837 -0.12625559 -0.07980385 -0.00387507 -0.00920559 0.07258842 -0.10495315 0.03834413 0.13753165 -0.10759854 0.03910344 -0.39770779 0.42798093 -0.20072810 -0.08400217 0.04416720 -0.18104838 -0.00641896 0.10206383 0.00651047 -0.15427211 -0.03912391 -0.17870240 -0.56587660 -0.14174734 -0.07304081 0.16806734 -0.13516866 0.05444378 0.26627347 0.07936031 0.13141938 0.09509175 -0.03089838 0.03067903 -0.15201800 -0.27403530 0.01826840 -0.00171859 -0.00763540 0.10889389 -0.16657060 -0.02359670 -0.12046044 -0.08079625 0.21840636 -0.30772930 -0.08867934 0.17677881 0.10222375
-0.09860973 -0.27218121 0.02808346 -0.07247870 -0.06883508 -0.04825382 0.02639937 -0.26246810 0.13502470 -0.21746562 -0.05614463 -0.15254788 0.40666676 -0.25732943 -0.25177962 0.04989478 -0.20853481 -0.01866547 -0.03378213 0.01559375 0.10258286 -0.24519490 -0.23545925 -0.13752848 -0.17913176 -0.09383748 -0.18249196 -0.10378142 0.27952877 0.00584475 -0.28837156 0.05303786 -0.08129948 0.20897309 -0.17053363 -0.00397711 0.20259257 -0.10726685 0.08424497 0.14128388 -0.08565557 -0.23230557 -0.14555718 -0.19829684 0.01854516 -0.02792490 -0.17123222 0.06607080 0.18360248 -0.18715824
0.07552321 -0.19499335 -0.03266011 -0.47447398 -0.11348474 -0.05748714 -0.07468413 -0.10792763 -0.07184393 0.00718578 -0.03743513 0.09674113 0.40434831 0.04174974 -0.01737441 -0.35162535 0.23078303 -0.01800863 -0.00844975 0.24282596 -0.02754275 -0.12249434 -0.21784848 0.62199920 -0.21706790 0.27262932 -0.10496374 -0.13363920 0.14579409 -0.11619277 0.17594595 -0.24760009 -0.12160648 0.07071319 -0.19424687 0.07099357 -0.00627634 -0.03418778 -0.04458525 0.22471303 -0.22729601 -0.12188128 -0.14841962 -0.14079978 0.13369526 -0.30650890 -0.17521544 -0.00376147 0.00158021 -0.03293287
0.07309121 -0.09915075 -0.03553702 -0.32339951 0.03911488 -0.21493378 -0.03864126 -0.01429833 -0.14247815 -0.26392540 0.14581905 0.12018245 -0.05614380 -0.09449891 -0.13966644 -0.17108601 0.07664154 -0.01854484 -0.08312714 0.05132661 -0.12419461 0.24704343 0.24905033 0.24581827 -0.00017975 0.08906436 -0.40045676 0.03027547 -0.08756765 -0.09712837 0.09144985 -0.30467999 -0.09301403 0.09466574 -0.14537938 -0.29262680 -0.05618687 -0.21496384 0.18828431 -0.23522227 -0.02377279 -0.15807720 -0.05349195 -0.11994620 0.05157142 -0.05522536 0.10119944 0.11488242 0.07077261 0.00971374
-0.35687920 -0.13129213 -0.02147955 0.13954107 -0.02834828 -0.14663044 -0.07067568 0.41299832 0.09876253 -0.17357966 0.22744465 0.37849098 -0.37374613 0.07793567 -0.10098191 -0.04042426 0.18999864 -0.01183777 -0.07012133 0.18720680 0.27446219 0.02547113 0.40080595 -0.72751641 -0.13515359 0.01431470 -0.08861093 -0.18730074 0.00927588 0.09244657 0.05203167 -0.01655763 -0.01957266 0.09605983 -0.16829187 0.05706634 -0.08088628 -0.19212978 -0.01801956 -0.15825142 0.05882840 -0.23141354 -0.00701946 -0.04126653 0.14442162 0.07511426 -0.14388694 -0.06583251 0.12726967 -0.04592420
-0.23674473 -0.09060505 0.08253517 0.47414097 -0.10076631 -0.08024065 -0.00362274 0.07948928 0.17645831 -0.09086806 0.15065707 -0.17809215 -0.47291446 0.17918935 -0.11156214 -0.20269237 0.17047152 -0.03431077 -0.08129724 0.15634415 -0.11194509 -0.11999302 0.26102352 -0.37541065 -0.03701915 -0.14285986 -0.14969613 0.32486507 0.07886767 0.09859947 -0.31513128 0.45913008 -0.06652912 0.11081339 -0.07814633 -0.05998690 0.20022082 -0.37017679 0.06546245 -0.02939123 0.01290629 0.03110684 -0.11479466 -0.11426680 0.00380891 0.23649524 -0.30506712 0.02380031 -0.22902174 0.04964080
0.25862503 -0.13830665 0.09570158 0.06775919 0.00430804 0.13498148 0.01432474 -0.06014339 -0.11084119 -0.06151287 0.29427189 -0.79876548 -0.36433965 0.03595676 -0.08081521 0.08875987 -0.24994600 -0.00024083 -0.02211029 0.00236118 -0.25421003 -0.11828706 -0.09339961 0.66511476 0.10515197 -0.12867182 -0.22489856 0.31528071 -0.17953685 -0.32897350 -0.13613170 0.06673402 0.05673504 0.13292588 0.11933104 0.17603394 -0.04613401 -0.14893937 -0.08165906 0.06219374 0.43101150 -0.13179077 -0.10248067 0.14404953 -0.01762086 -0.23306786 -0.02499793 0.00149972 0.10120534 0.09910147
0.23594776 0.00149371 -0.07703825 -0.42686597 -0.04999202 0.30421901 -0.01833648 -0.56627655 -0.13051203 0.08771169 0.11689478 -0.03840433 -0.20662570 -0.05746989 -0.05155453 -0.28301907 -0.17139170 -0.00273960 -0.02734309 0.04779575 0.01275815 -0.07358833 -0.19738142 0.38465589 0.09920802 0.05643104 -0.12248482 -0.00330549 0.20392281 -0.11545958 0.36299437 -0.45299155 0.02492362 0.29230675 -0.23162287 -0.18354219 -0.02656328 0.15802924 0.02747939 -0.23669870 0.24668470 -0.03851554 -0.24165294 -0.16693971 -0.16807912 -0.10504107 0.11144473 -0.12364822 -0.19119087 0.10487352
-0.30595109 -0.13785897 0.05311187 -0.12869932 -0.02426892 0.28814194 -0.10495786 -0.36136213 -0.04412206 -0.05161082 0.04034930 0.77336138 -0.21177447 -0.05583242 -0.06228388 -0.15291278 -0.28934932 -0.01661124 -0.06230606 0.03700203 0.07013705 -0.11378141 -0.26490146 -0.55486721 -0.08894123 0.23762570 0.09971040 -0.07015754 0.14974529 0.10209381 -0.04903084 -0.40582275 -0.00395458 0.09158406 0.01533865 0.31543797 -0.18719344 0.16140468 0.11452077 0.13650596 -0.11730412 -0.04885203 0.03601607 0.00848437 0.03733471 0.03862466 -0.29572043 0.05466127 -0.07942740 0.03226613
-0.13914828 -0.14540362 0.04750218 -0.35359156 0.12346007 0.30379653 0.04089798 0.52117217 -0.08799747 -0.04275182 0.20040303 0.16680796 -0.07818182 -0.12505285 -0.03083961 0.18223302 0.33460695 -0.01755151 -0.13947931 -0.05838353 0.24186578 0.03292379 0.05123350 -0.59868246 -0.17614062 0.26208547 0.11327583 -0.18444119 -0.07713451 0.28213742 0.06310443 0.48374298 -0.03242306 -0.07181063 -0.18462937 0.14770052 -0.04522663 0.18160389 -0.09660771 -0.13088235 -0.42202234 0.00174905 0.20257920 -0.02767061 -0.00632088 -0.11876125 -0.07078723 -0.08068624 0.08168498 0.15760796
0.11227747 -0.09337810 -0.12448376 -0.40799001 -0.13550162 0.31029096 -0.07861467 0.54472154 -0.13556498 -0.18110748 0.16106558 -0.82771993 -0.11490100 0.14243947 0.01193222 -0.02888496 0.37997615 0.00073022 0.01023128 -0.09400313 0.20772049 0.08357180 0.10259503 0.28329626 -0.27259344 0.06831012 0.03207507 -0.29050782 0.19377504 -0.25970763 0.07283551 0.37163103 -0.24872613 -0.12275913 0.04980861 0.22389077 -0.09255466 0.29698911 0.08558974 0.19613345 -0.26733491 -0.03008988 0.42407966 -0.02053581 0.03088134 0.00357256 0.06517049 -0.06592348 -0.12397881 0.02650201
0.09114288 -0.03028949 -0.05078635 0.37712041 0.11961120 -0.19588697 0.02380353 0.25940147 -0.03127844 -0.15919080 -0.03950352 -0.21370567 -0.16648845 -0.04313346 0.00373438 -0.02540853 -0.12751454 -0.00268704 -0.14799358 -0.01783412 -0.35520253 0.02787110 0.02403955 0.50635487 -0.25814661 0.02127803 0.10793695 -0.30002022 -0.11139305 -0.21610092 -0.46547475 -0.33893889 -0.02257497 -0.02996940 -0.06158831 0.08473270 -0.01366003 0.15348668 -0.00103919 -0.01160436 0.01889981 0.02584866 0.20255502 -0.05111868 0.08895148 0.36530820 -0.21606037 0.28522840 -0.12811229 0.01504997
0.08071649 0.01383696 0.26082751 0.53062087 -0.00302562 -0.10783730 -0.12276976 -0.28743896 0.07695177 0.05389134 0.19347695 0.79151976 -0.03404955 0.03360637 0.02441324 -0.09089111 0.06670690 0.00156753 -0.10342947 -0.01128832 -0.47893390 -0.02765390 0.07016037 0.18246342 -0.31015211 -0.14959563 0.17063810 -0.08287666 0.27690095 -0.09521692 -0.19601923 -0.62143278 -0.08104458 -0.10644396 -0.08571347 0.00903146 0.10052287 0.14881162 -0.03131360 -0.00469772 -0.00418008 0.00175028 0.45113185 -0.04696523 -0.08962384 -0.14300416 0.08316284 0.16095158 0.10511469 0.00623863
-0.15973353 -0.09538192 0.21485145 0.41205883 0.00613783 -0.18159883 0.03376593 -0.34532586 0.01076493 0.25910914 0.11131097 0.30113146 -0.11409064 -0.00221322 0.00646129 -0.01267098 -0.09827711 0.00642406 -0.11012456 -0.01968846 -0.14297897 -0.01200186 -0.14406030 -0.50993145 -0.17003994 -0.34099910 0.03677619 0.32197583 0.11227959 0.08868936 0.38592550 0.47712418 0.01056876 -0.09802644 0.11835615 0.20666644 -0.12898378 0.00534341 0.05140522 -0.15449394 0.06494728 0.11528266 0.07064060 0.07024024 0.05233241 -0.31617224 0.20111156 0.10637687 -0.10517339 0.04369542
-0.30707857 0.08143687 -0.23394001 0.24582125 -0.03044316 -0.41539264 -0.04393518 -0.38893244 0.17820099 0.25767568 0.28143945 -0.27245912 -0.20141366 0.15826069 0.00167724 -0.06276096 0.28360304 -0.00355324 0.01699999 0.09287179 0.64758444 -0.03098388 0.10124892 -0.10141304 -0.25268337 -0.18807673 0.30181909 0.34113210 0.00513400 -0.17589064 0.53446126 0.42886120 -0.07454553 0.01573958 -0.02077453 -0.21269663 -0.00595653 0.14143388 0.05219363 0.01890140 0.21459721 0.04441361 0.21130098 -0.10487525 0.07236306 -0.12079947 -0.29114458 -0.11496551 0.07921854 -0.13165890
0.22939144 0.05015317 -0.22946899 -0.27509698 0.09060457 -0.43563524 -0.08607510 -0.17253114 0.10804072 -0.02105515 -0.07700135 -0.30212653 0.07708523 0.20500667 0.06024002 -0.01359579 -0.26400405 -0.02346415 -0.02397875 0.08885681 0.43265074 0.11205740 -0.10715449 0.36958057 0.08549381 0.26578283 0.09781842 0.35885945 0.00297858 -0.29035413 -0.12284140 -0.15949923 -0.21689485 0.26247087 0.19474566 -0.02573290 -0.08074592 0.19527228 0.01467705 0.05665544 0.07384020 0.05408330 0.00097559 0.22016816 -0.13335323 0.31439924 -0.28426474 -0.03474099 0.06796662 0.08007903
0.42326328 0.11146410 0.18891093 -0.29681849 -0.04495045 -0.16533126 0.11829849 0.29573503 0.12290059 -0.12543920 0.04202215 0.22049315 -0.07868452 0.22878785 -0.03040616 -0.21114871 -0.40694749 0.00181601 -0.09756365 0.07971815 -0.35559070 -0.09655278 -0.18170777 0.00211506 -0.14253630 0.44110987 0.09206960 -0.26327729 -0.08863322 -0.16557834 -0.71769738 -0.42453477 0.02052391 0.08586119 0.06928340 -0.11606586 -0.01334552 0.02220598 -0.02709577 -0.14963964 -0.07545058 -0.07658373 0.08817395 -0.00810104 -0.00349055 0.25103796 -0.18144979 0.20909402 0.11684521 0.01868374
0.00199331 -0.19702569 0.20997028 0.10001919 0.00511898 -0.09807672 -0.08559106 0.30207595 -0.01505699 0.09143510 -0.00128889 0.08540933 0.16601029 0.21368285 0.01465398 -0.01109088 -0.04946504 -0.01430371 -0.07957720 -0.05269488 -0.41364706 0.05469625 0.00318362 -0.37546462 0.04271349 0.05895455 0.06846146 -0.15203939 0.06298181 0.51663888 -0.14041834 0.09509251 0.12390137 -0.17132185 -0.03042756 -0.18478701 -0.04943565 -0.08258107 -0.06852742 -0.23578022 0.00433337 0.16543666 0.08014486 -0.04096717 -0.02581929 -0.14307283 0.14235264 0.09776282 0.00986197 0.17062157
-0.31897768 0.50457805 0.09462121 -0.36099806 0.03234680 -0.56631666 0.06651845 0.12454184 -0.26578909 0.05078365 -0.00053966 -0.07028365 -0.24033111 -0.04847503 0.09722124 0.00822847 0.72151178 0.01008587 -0.06666791 -0.03348657 0.37331644 0.05446604 0.17165822 0.15575929 -0.07088418 -0.14010693 0.14667736 -0.15246552 0.22483550 0.39171532 0.57865429 0.10816089 0.08598668 -0.07006097 0.04006770 -0.27407819 -0.12161918 0.20737496 0.11706132 -0.21169217 0.20733100 -0.04992636 0.20771493 0.03251242 -0.15195219 -0.31110400 0.18686260 -0.04815219 0.19003329 0.15798399
