8.77622890
-3.65786552
12.63455296
4.48998976
-18.62512779
-2.81197810
1.32042778
6.89343882
-2.59121680
2.08582950
-5.72925854
10.08205795
-1.46765196
-3.41472173
-1.36251521
-1.48176360
5.08526373
12.68231392
8.63431740
-4.00354862
9.99525261
-0.57473969
1.28733826
9.17353249
2.92613244
3.34843397
-1.94680524
-1.11821878
-1.92903936
-0.02888820
4.92272902
9.39845848
-1.64124823
-7.48633146
-5.03600025
-1.99842072
-2.04558253
5.45310926
-12.89887142
-1.96004856
5.08370304
-7.22556210
-7.39083242
-2.16899896
4.15746117
11.77682304
-0.52081800
-1.47648299
-4.03238010
-2.90182948
