-0.31320146
0.11593272
-7.70533657
-6.54125547
-3.47126818
-5.44885540
1.39726436
4.82043028
-1.93868840
-13.26182079
-3.60582066
-1.50045121
1.09899795
-6.58124733
-2.13263750
-2.53238583
-1.00896323
-7.33572006
-0.71750981
-5.71931028
-0.09705973
-5.71328688
-1.24171293
1.81391168
1.26067436
-0.64983892
-0.25175804
1.93595958
-0.71382993
-1.06215453
0.46236226
-1.20597136
-4.88254881
3.43411946
-0.04597121
-0.40311500
-0.39940390
-0.96495950
-2.49592757
-1.21891332
-0.41230235
2.64347720
0.06149334
0.44042420
-4.88718224
-0.20749778
-0.28502491
-0.27744693
0.61458999
-9.65391827
