-0.16643174 -0.10141565 -0.11690065 0.10646595 -0.13965215 0.08547190 0.22131439 -0.17420830 0.02419264 -0.12170929 0.08878887 -0.40510347 0.03276805 0.00463802 -0.00289052 -0.54798484 0.36397180 -0.04768321 0.04746168 -0.84265655 0.20555449 0.02195248 -0.06837051 -0.16312684 0.14960359 0.59747225 -0.12544218 -0.16569860 -0.51079923 -0.05504923 -0.05690533 -0.09720702 0.00548875 0.14082803 0.24515207 0.09944731 0.13527940 -0.74809867 0.95286405 0.13750987 -0.12561037 -0.06061502 -0.24591421 -0.07738182 -0.10020177 -0.00414321 -0.01476222 0.49892816 -0.00992677 -0.02179360
0.02472332 -0.06252774 -0.22878432 0.12061666 -0.22732499 0.03409211 -0.22247520 0.16622838 -0.04688801 -0.08006641 -0.07091099 0.01524462 -0.16616635 -0.08233775 -0.03373573 -0.13292141 -0.34142607 0.14052603 -0.11454565 0.50286531 0.15195172 -0.00279018 0.00292920 0.50739110 -0.17532045 0.55478805 -0.04592317 -0.00144140 0.00022267 -0.07445955 -0.07779078 -0.09059701 -0.03196074 -0.44195920 -0.23751375 -0.18738706 0.05662447 -0.52568924 0.42728585 0.05887086 -0.03616115 -0.01883634 0.27809688 -0.03662796 -0.04700437 0.09966432 -0.07683830 -0.15031911 -0.02789289 0.04114485
-0.19688004 0.10727737 -0.07857507 -0.14491242 -0.11334753 -0.01160365 0.22076991 -0.02658917 -0.11986846 0.02261422 -0.02888621 0.53681171 0.05593538 -0.09583437 -0.02999505 -0.33536357 -0.39276522 -0.03899664 0.04522961 0.35732737 -0.51242620 -0.03509438 0.00685352 0.25191441 -0.27226284 -0.38941735 0.03868202 0.14217719 -0.06281145 -0.03578792 0.07808272 -0.18520805 -0.04320872 -0.12298176 -0.01806265 0.44290105 0.06831790 -0.21784955 0.12725738 -0.29576689 0.05462585 0.03942983 0.30946788 -0.00782466 -0.08921967 -0.19465177 0.01147359 -0.13422948 0.07842179 0.02353799
0.09186468 -0.07449476 -0.11312819 0.00454777 -0.10915364 0.16305026 0.03897737 -0.22581936 0.11254191 -0.03057181 0.03549764 0.15950376 0.14771819 0.13373344 -0.00522364 -0.18007195 -0.32976872 0.11729503 0.23601636 0.08030935 -0.03356891 0.02357667 -0.03452436 -0.79032660 0.41556752 -0.11763598 -0.07234599 0.03281617 -0.15329666 0.03326248 -0.09635042 0.03216347 0.01962840 0.40695766 0.18105605 0.36628404 -0.04622422 -0.18645918 0.32585269 0.19506867 -0.05100550 -0.04923704 -0.29144049 -0.01208123 -0.33891186 -0.19675490 -0.09732898 -0.14707085 0.06442741 0.30992579
-0.02171862 0.48216474 -0.22033329 -0.15280657 -0.11754075 0.28056267 -0.16619363 -0.07936496 0.08974174 0.01802670 -0.09513565 -0.38410312 -0.13834229 -0.09058775 -0.02523134 -0.09310065 0.46780282 -0.03542594 -0.16349061 -0.21041027 0.56902897 -0.03115492 -0.09562209 -0.25247982 0.26980793 -0.11390717 -0.08620345 -0.12843955 0.09861182 -0.06785801 -0.10940190 0.13287017 0.06990114 0.73513335 -0.10172604 -0.88325459 0.00775590 -0.40818882 0.36325654 0.03827839 0.19136068 0.01016450 -0.21432979 -0.03831788 -0.14207307 0.01851447 0.03219290 -0.03494450 -0.04406375 -0.16906711
0.03294199 -0.24696307 -0.28342825 -0.00534286 0.05849864 0.09777966 0.01945758 -0.03350342 0.17912088 -0.12220353 -0.01198547 0.30738544 -0.34120545 -0.04535328 -0.08854881 -0.34464180 0.54003948 0.12515295 -0.25817510 -0.30937696 0.21824013 0.04331775 0.02554834 0.50892776 -0.80765909 -0.37999165 -0.08472926 -0.04752389 -0.11026650 -0.03082417 -0.08257027 0.01888376 0.00099954 -0.79300576 0.05419117 -0.27524176 0.58687913 -0.11147080 0.51490235 -0.48857409 -0.03204590 0.03628688 0.36261111 0.07008403 0.00637124 0.34189928 0.00309353 -0.02930571 0.15152521 -0.08364789
0.01687187 -0.46360430 -0.10625507 0.02305788 0.18513896 0.18950680 0.03755312 -0.04199250 -0.16942318 0.03771976 0.04560782 0.15809889 -0.18601295 -0.06312808 0.01617494 -0.10860895 0.02825973 0.08236719 0.14472370 0.20123577 -0.81582522 0.04716410 -0.06541251 -0.46185410 0.28238168 -0.50686628 -0.15303138 0.06089936 -0.22747897 -0.05759476 -0.19443779 0.05097190 -0.18888617 -0.87723541 0.20355764 1.05467331 -0.46784753 -0.16239381 -0.02303734 0.09315837 0.07269356 -0.05773085 0.15591641 -0.05548406 -0.00424471 0.14902806 -0.03221129 0.35976329 -0.00637072 -0.07305610
-0.06848782 0.54100102 -0.07258452 0.25838190 0.22565182 0.05258337 -0.12034478 -0.00338729 -0.15107583 0.29674280 -0.12344659 -0.46941683 -0.09873540 0.01266629 0.01005443 -0.42134681 -0.46659654 0.00776508 0.35586900 0.35687408 0.26510587 -0.12019476 -0.04082370 0.37169135 0.48502427 -0.04296910 -0.13065685 0.19983226 -0.25169671 -0.08487125 0.06476410 -0.15053745 -0.22038119 0.39130720 0.04421418 -0.10903075 -0.79963964 -0.15683481 -0.01952097 0.68178797 0.19030359 0.03711879 -0.44336799 -0.29080686 0.21571553 -0.36414737 0.06529139 -0.23304421 -0.04824172 -0.49864367
-0.07679579 0.18647496 0.08491591 -0.16130465 0.42180115 -0.10231093 0.01127336 0.20827127 0.04454007 0.44121927 -0.13017836 -0.61745942 -0.08291511 -0.02590399 -0.03738854 -0.16566335 -0.59547371 0.02308819 -0.13810745 -0.62924129 1.03193283 0.03607211 -0.01925028 0.45430762 -0.43414527 -0.36589435 0.04732823 -0.01748029 -0.22610287 -0.03859681 -0.03195279 -0.06325724 0.00244124 0.38805282 -0.04992207 -0.30826068 0.94446027 0.15207043 -0.21447954 -0.83398277 0.03720754 -0.12136244 0.10601196 0.08030356 0.25017676 -0.36235985 -0.13495345 0.00824372 -0.05324095 0.31324792
-0.10763118 -0.56209171 -0.10196976 1.21814120 0.15749459 -0.10042356 0.46762609 -0.07382855 -0.00793141 0.03328749 -0.02933938 0.64585012 -0.26194358 0.01071294 -0.09183595 -0.54840446 0.39358872 -0.09733559 -0.38579407 0.27799666 -0.85505986 -0.03647011 0.06669292 -0.59607232 0.11779184 -0.22286172 0.25529155 0.07985109 0.21217939 -0.19908805 -0.05808362 -0.28940812 0.00519072 0.20303890 -0.21800008 -0.36625668 0.50140357 -0.14384580 -0.48499572 0.22176883 0.10901656 -0.04649559 0.30692348 0.00409901 0.28046530 0.22825725 -0.01406960 -0.17592686 0.30455625 -0.22977677
-0.03512413 0.09994872 -0.02369358 1.38422990 0.15904878 -0.02886388 -0.11626729 -0.29301023 0.13735911 -0.49498844 0.03011146 0.58955193 -0.06860287 -0.12208349 0.02220500 -0.31162646 0.31327569 -0.02972398 0.14953277 0.00222795 -0.32070434 0.07273331 -0.07617172 -0.29325962 0.01997618 0.31910804 0.14353932 -0.11431096 -0.01249494 -0.19452378 -0.01159727 -0.04012731 -0.06221725 -0.28347340 -0.05785514 -0.07286116 -0.72052187 -0.01384318 -0.25497392 0.67531741 -0.02133086 -0.11989876 0.00750965 -0.03483610 0.47690761 0.20763613 -0.02061671 -0.18710259 0.12207455 -0.35643640
0.28094625 0.18524559 0.13127823 -0.76186198 0.05911770 0.43612200 -0.49649787 0.07737919 0.36105409 -0.35500842 0.31031916 -0.58984292 -0.24655564 -0.25485125 0.18099508 0.00358144 -0.28293478 -0.37628484 0.05086508 -0.01168169 0.28520229 0.40122080 -0.32982099 0.06551155 -0.29114291 0.11176476 0.04015515 -0.17572358 -0.02822925 -0.02731157 -0.15722787 0.29980811 -0.14755650 -0.33830991 0.05312940 0.11430685 -0.29040745 0.01332927 -0.06925602 -0.61121070 0.04262970 -0.50561315 -0.36824176 -0.15916874 0.42257458 -0.23154487 0.17391782 0.14452811 -0.29398733 0.06125754
0.19496173 -0.33299050 0.26181549 0.08670317 0.25756010 0.27587742 -0.07398386 0.02415867 0.40604764 -0.13588238 0.04462262 -0.22896829 -0.37193468 -0.32542434 0.03943384 -0.01040342 -0.12780510 -0.15147422 -0.32661340 -0.00701505 -0.14708735 0.16840705 -0.09590875 0.24439441 0.01524279 -0.34189951 -0.60333312 0.09214892 0.16076580 0.30429363 -0.31741047 -0.28927699 0.24160945 0.05872683 0.01256076 -0.08246862 0.29860583 0.15723409 -0.08138531 -0.21548112 0.24640454 0.08955797 -0.02855127 0.08842837 0.47747210 -0.22401790 -0.13013631 -0.13517666 0.09391065 0.01832480
-0.29136845 0.02054399 0.75206161 -0.23245387 -0.01028511 0.81098753 0.01442289 -0.13967879 0.60125250 0.34017608 0.23804632 0.36419103 0.15444086 0.10833083 -0.04290907 -0.11478666 -0.01683944 0.21711597 0.23984335 0.04186696 -0.00171136 0.10628457 0.10587475 -0.16504791 0.31626299 0.02042438 -0.21040800 0.10998219 0.34100854 0.64251584 0.57466072 0.00803323 0.40653211 0.45840213 -0.06701586 -0.10298995 -0.01259470 0.15557100 0.00759446 0.46109191 0.62918597 0.22649181 0.24611300 -0.27750671 0.75268233 0.40364358 -0.14229032 -0.18915088 0.07810086 -0.31195652
0.02095919 0.39322475 0.59203023 0.63485599 0.85566539 0.99830484 0.42488146 0.48442113 1.21923804 0.56888455 0.20630419 0.20437193 0.47983626 0.48844570 0.09907397 0.34417525 0.22766922 0.44593698 0.43940151 0.19186763 0.30991092 0.05844965 0.09902872 0.33083728 0.16858023 -0.15174289 0.67047727 -0.19605227 0.96844912 0.23258235 0.56736422 0.01980940 0.69429600 0.06081171 0.58823866 0.53615993 0.43635526 0.72948724 -0.07436977 0.10251800 0.93142694 -0.12058961 0.35519713 -0.03538046 0.75313449 0.25430694 -0.08400846 0.03577910 -0.12082998 -0.00376165
1.29703975 0.10927521 1.02204144 0.85987675 1.38344419 1.11933148 0.72056943 0.06887144 1.80689144 1.32228947 -0.27334505 0.34626201 1.52177370 0.53465557 0.85228658 1.18040502 0.28864089 -0.07106365 -0.00360301 0.27440006 0.30765358 -0.04270092 0.07324054 0.11914404 0.04794746 0.10493863 1.31137133 -0.41252103 0.72624564 -0.19877198 1.17509627 0.18536992 -0.01831918 -0.11526877 0.04089185 0.17769380 0.04385892 1.11700439 0.86911720 0.15363106 -0.11529522 -0.26176313 -0.18363917 -0.32888877 1.52159274 -0.21794599 1.26488352 1.29833090 0.80581748 1.11883795
0.62504941 -0.09102152 0.94320166 -0.30546972 0.83955491 0.83034706 -0.02843832 -0.05961621 0.41510457 0.25898623 0.31432459 0.11644666 0.56169605 0.53158695 0.07548236 0.66478586 -0.12977923 0.61103386 0.01499511 0.24290055 0.35005027 -0.11111864 -0.10491666 0.45846674 0.13771302 0.43882999 0.49986273 -0.01795786 1.01256895 -0.39647761 0.30129567 0.06149546 0.40251070 0.41065156 -0.03491662 -0.07924559 -0.19569279 0.68382573 0.25470528 0.22535852 0.44326407 0.17476454 0.21524484 0.10776845 0.58645213 0.41938013 -0.08857124 0.24185032 -0.19812109 0.49811640
0.47873527 0.28530964 0.33486265 -0.23671544 0.46974528 0.30068260 -0.11943901 -0.04943014 0.01578970 -0.04340907 0.47591457 -0.07594592 0.42583773 0.52323687 -0.08825402 0.51089966 -0.14706759 0.63970774 0.46608263 -0.18925463 -0.15316290 -0.12396254 -0.00574547 -0.10730261 0.20593204 0.01859773 -0.04349354 0.19616093 0.51371861 -0.10357133 0.31758416 -0.15207630 0.59910464 0.24849543 0.41821769 0.11123498 0.20229134 0.28811234 0.31620973 -0.15929686 0.40796828 0.51665395 0.36662197 -0.14715107 0.21601994 0.37188098 0.04421233 -0.09731700 -0.00634205 -0.00142066
0.16580115 0.13078414 0.04584729 -0.27133483 0.25646853 0.13594703 -0.15729713 0.47136593 0.11216493 0.62056404 0.18006930 -0.40495986 0.06961506 -0.06419475 0.09113503 0.16565731 0.41144538 0.49628443 -0.14181758 0.00807201 -0.39175737 -0.20142937 0.03526243 -0.15858732 0.01628205 -0.14344440 -0.53337574 -0.15824069 0.38724551 0.03916266 0.23787071 0.01970553 0.61518306 0.10689487 0.27027768 0.22534052 0.55848283 0.07625290 0.31493214 -0.02118138 0.59351492 0.69161761 -0.00430070 0.06869072 0.23198156 -0.41124487 0.06419088 0.08910649 -0.09179601 -0.21613865
-0.85709327 -0.21739537 -0.13151909 -0.15097597 -0.21821067 -0.21892819 0.21125972 0.22856049 -0.37810525 0.46182665 -0.10951795 0.41339573 -0.17754857 -0.44432542 0.11414848 -0.07157980 0.06603549 0.26497039 -0.16873947 0.35328329 0.36913654 -0.12094778 0.13923395 0.22277543 0.29618293 -0.33600852 -0.02457715 -0.13099138 0.38629144 0.13438380 0.25963235 0.12990321 0.44517672 -0.58044744 -0.53292340 0.01188240 0.04777599 0.10727213 -0.18690498 0.51287740 0.20680003 0.16437611 -0.49162340 0.27383059 -0.00680942 -0.09589967 0.13779818 -0.11905902 0.19205618 0.12209201
-0.81846553 0.03649963 0.04267069 0.10610480 0.27180302 0.11805533 0.51255774 -0.44167665 -0.40746534 0.06415153 -0.04817111 0.45221290 -0.19178405 -0.44148824 0.06162405 -0.03377787 -0.38338444 -0.17077804 0.42507267 -0.20220543 0.46836585 -0.12239485 0.22254105 -0.06795412 -0.52059853 0.11262607 0.74570078 0.13565947 0.23405546 0.16677135 -0.33647299 0.00367638 0.52101415 0.14003344 -0.30632523 -0.19512190 -0.73423517 0.06071582 -0.30191571 -0.22987369 0.48653877 0.44659680 -0.03006864 -0.15311804 -0.09378668 0.57872146 0.31775159 0.19316396 -0.20183147 0.08879457
0.60364878 -0.26616129 -0.07190920 0.00934693 0.17073305 -0.07620455 -0.00347232 -0.56147593 -0.30649793 0.11894877 0.02799983 0.00661389 0.03209846 -0.29181555 0.04416478 0.05062159 0.12764980 -0.27159092 -0.24727464 0.30027643 -0.25921708 -0.01760614 0.29493442 0.06572436 -0.10605882 0.43961662 0.37193254 -0.05041813 -0.21578564 0.34593675 -1.48696268 -0.06078926 0.08117788 0.41307509 0.75553328 0.08975591 -0.01380893 -0.22292773 0.14809163 -0.56351161 0.51030660 0.42188346 0.38476276 -0.08071587 -0.11406943 -0.44620535 0.39252764 0.13447802 -0.03921195 -0.07135823
0.80386227 0.45515233 -0.34712350 -0.12002593 0.22824506 -0.00170526 -0.21717449 0.29222023 -0.45327368 0.06685975 -0.26244950 -0.36064446 -0.19431646 -0.19790998 0.31099203 -0.06290776 -0.16286553 -0.53809202 -0.56923020 0.00441498 -0.52264750 -0.11844634 0.34555250 0.22944596 0.29996261 -0.07102884 0.12044902 0.00791675 -0.35504463 0.23325923 0.18059117 -0.16049837 -0.13758579 -0.00499478 0.03179118 0.23917201 0.07719562 0.13691187 0.07658628 0.20919755 -0.09952192 0.34427959 0.13220961 -0.15297684 -0.04382213 -0.27156016 0.28605083 -0.12554161 -0.08352478 -0.08191002
0.09026017 0.13307795 -0.23332593 0.10630409 0.04697192 -0.27760175 -0.09391911 0.45351472 -0.27584201 0.52235514 -0.17948620 -0.33114392 -0.16320398 -0.00057854 0.32489231 0.11804405 -0.19384833 -0.44562286 0.63397944 -0.24020118 -0.03838361 0.07521570 0.32308087 -0.21937543 0.05651245 -0.37138110 0.10316131 0.00302777 -0.13271964 0.40362316 0.81990951 -0.46978739 -0.32353124 -0.43727463 -0.46514508 -0.28011331 0.48555446 -0.18546148 -0.22963111 -0.04514381 -0.04336059 0.03883870 -0.54892462 0.05446103 0.23124850 0.70616776 0.24853787 0.25560531 -0.00079151 0.14205338
-0.04821735 -0.30268663 -0.30470139 -0.14425425 -0.02684659 -0.23998754 0.13101396 0.06806159 -0.16792800 0.37657359 -0.27534959 0.29788312 0.07726771 0.02248282 0.34262955 0.10879112 0.10510664 -0.32745725 0.26570112 0.04086213 0.30592385 0.16417335 0.34103990 -0.32559818 -0.05905088 -0.35966471 0.20711996 -0.28571931 -0.20941928 0.22001278 0.36478296 0.26246807 -0.32961309 -0.14796129 0.01988056 -0.34967798 -0.05861674 0.22579195 0.28151065 0.02349688 -0.16158623 -0.23225409 0.18058139 0.14800951 -0.25864106 -0.25356117 0.22750497 -0.08358231 -0.01552668 0.02479244
0.09599411 -0.31770107 -0.05551952 0.06546422 -0.17513634 -0.04273058 0.32069761 -0.17353228 -0.19775967 0.02488182 -0.21018660 0.27378440 -0.26967552 0.07352820 0.19544998 -0.21340410 0.04738707 -0.40564564 -0.40059832 0.32704633 0.45444635 0.08213896 0.27217633 0.16185567 -0.21471852 0.11884640 0.50557572 -0.22983488 0.05852926 -0.12494408 -0.00781491 0.47340214 -0.09835786 0.29863864 0.01428977 0.58350778 -0.26255012 -0.10972773 0.08745700 0.30724886 -0.08176596 -0.17573726 0.32074252 -0.14692420 0.00526380 -0.50217807 0.11437784 0.02507962 -0.07960142 -0.41858926
0.07328786 0.20023128 -0.24748941 0.08254638 -0.19318186 -0.16423766 0.02350820 -0.38658786 -0.08047529 -0.63203818 -0.26690704 0.28151977 -0.18473209 0.18346024 0.18962967 -0.00004308 0.06651092 -0.27429554 -0.20555288 -0.43427792 -0.37656012 0.10597120 0.20999748 0.32803181 -0.02460467 0.14563631 0.29064798 0.14284776 -0.06379922 -0.19742167 -0.03157041 -0.19814597 0.01161987 0.16893297 0.02195970 0.11456525 -0.10080267 -0.13954394 -0.31654811 0.02828578 -0.08340750 -0.15207246 -0.41746560 -0.28424013 -0.28130695 0.45793328 0.23137304 0.16759963 0.16437384 0.12078563
0.51658595 0.52507126 -0.08826838 0.00300246 0.04353361 -0.09304664 -0.07478943 0.15412484 -0.18393315 -0.22681274 -0.25965139 -0.49657261 -0.06424171 0.20954174 0.32232368 -0.02626072 -0.20257199 -0.29325122 0.04514792 0.10194711 -0.19250849 0.18492852 0.04628722 0.04195193 0.14412476 -0.06278114 -0.22122841 -0.12725219 -0.14232759 -0.42190683 0.13123237 -0.63031173 -0.14171541 -0.04838172 0.00889057 -0.32454297 -0.47896671 0.06781578 0.08615529 -0.72762382 0.13425505 -0.01497264 0.06546588 0.04251323 0.20891574 0.29863921 0.03178109 0.17410433 0.21089604 0.12650138
0.42698997 0.10426180 -0.09818966 0.17164965 -0.17789705 -0.20783688 -0.45179614 0.11671002 0.18485808 -0.31844991 -0.27809465 -0.13009696 0.02901490 -0.02362780 0.13612023 0.16990976 -0.21218322 -0.16581264 0.33530053 0.37437832 -0.23493275 0.15355285 -0.05330579 -0.39006045 0.11252680 -0.27329963 -0.42096487 -0.25991642 -0.06588887 -0.22698468 0.27123764 0.24343123 -0.19984342 -0.58818108 0.09044168 -0.16640985 0.76452357 -0.06429197 0.16806144 0.04731982 -0.07893297 -0.13831633 0.17345332 -0.08540886 -0.26913849 -0.60907751 -0.26596561 0.21903676 0.04953760 0.20052703
-0.34828928 -0.45281842 -0.05724014 -0.20117676 -0.14435698 0.15978986 0.06407982 0.00514101 -0.13752009 -0.14600895 -0.25735900 -0.05223950 0.31001756 -0.03085527 0.01268457 0.06661071 -0.02400713 0.18538414 -0.09913474 -0.14697024 0.25773135 0.14419354 -0.07196055 0.08233602 -0.21296032 0.00512319 -0.32556674 -0.08980264 -0.07882541 -0.24392183 0.76221341 0.26367271 0.13487990 0.18475471 -0.39007545 -0.11161346 0.16047305 0.09252642 0.17735000 1.02450657 -0.18140121 -0.10877531 0.06471882 -0.23243433 0.01987216 -0.09526846 -0.37957612 -0.04657735 0.12481237 -0.05857735
-0.56240320 -0.39615959 -0.32578337 0.14059713 -0.12076114 -0.00380685 0.15375227 0.00526821 -0.14899337 0.01028813 -0.23750356 0.37061346 0.09232046 -0.16760503 0.02490024 0.08576304 -0.00946158 0.24510378 -0.02205985 -0.03048058 0.51124239 0.14446594 -0.09869052 -0.29665118 -0.36763138 0.19237781 -0.09398669 -0.11282906 -0.31873354 -0.29633012 -0.17730378 -0.40807045 -0.06685568 0.28180721 0.26937202 0.55093342 -0.51513034 0.25193894 0.03703360 -0.49428537 -0.15991297 -0.07277824 -0.30375329 -0.04859958 -0.14743395 0.37528616 -0.27964348 0.18396375 0.12058958 -0.27461255
-0.15088619 0.40809140 -0.06868564 -0.17767118 0.22102395 -0.07346875 0.32438171 -0.04404900 0.07453295 0.11947937 -0.27889565 0.29613736 0.38614130 -0.19837493 -0.04784133 0.14198354 0.35871285 0.28600538 -0.22160468 0.05811318 -0.39095637 0.13767034 -0.19319358 0.38901269 0.48413655 -0.27251863 0.06412426 -0.20538840 -0.13631932 -0.19469284 -0.42057395 0.16580705 -0.05838908 -0.04222679 0.15594684 0.00502693 -0.06939431 -0.06741463 -0.12723720 -0.54500061 -0.11274788 -0.10354315 -0.18113674 -0.17717999 0.03477266 0.02397750 -0.20567527 0.28396052 0.23939328 -0.22773102
-0.12639062 0.35141349 -0.02584489 0.08826312 0.27671248 0.10448493 0.03483997 0.03407526 0.09281252 0.16564076 -0.19006588 -0.20016885 0.48707861 -0.28754997 -0.08599816 0.26569274 -0.31557453 0.44317085 0.06581957 -0.80264354 -0.14950989 0.08852497 -0.22457373 0.34648600 0.41382876 -0.09469910 0.01322925 -0.08930653 -0.08453735 -0.18382327 -0.45785677 -0.14988917 -0.17546557 -0.32048574 -0.29883930 -0.27254584 -0.10731602 0.00418135 0.10637901 0.28536594 -0.24063705 -0.13275526 0.21535751 -0.04931162 -0.02519828 -0.37910786 -0.00244340 0.09129901 0.22972648 0.15442166
0.00543699 -0.23503737 -0.32074457 0.02566449 0.10009715 -0.15908088 -0.04423927 -0.23937988 -0.01637715 0.07872646 -0.08437099 -0.64611036 0.44145957 -0.31574231 -0.00883319 0.18513983 -0.28333247 0.03282326 0.30476251 0.43864343 -0.18554729 0.06141980 -0.14747581 -0.12542322 -0.67964733 0.13236582 -0.12465716 -0.12282455 -0.14556374 -0.20071493 -0.28341475 -0.04457390 -0.23255913 0.04872962 -0.17573424 -0.14385116 0.04199775 0.01441425 -0.03698996 0.14617103 0.03949324 -0.00420652 0.16910888 -0.15119179 -0.05010783 0.18448733 0.07003585 -0.15118961 0.16369055 0.01934467
0.02273224 0.04891919 -0.27171341 -0.16575207 0.30226979 -0.22590022 -0.40371805 -0.02727961 -0.17587839 -0.00706926 0.00135150 -0.07455329 0.06309321 -0.30854526 -0.16583662 0.09149363 0.43611020 0.10626397 -0.08858014 0.71799451 0.12858208 -0.01199461 -0.21288969 -0.42151326 -0.47060946 -0.58345234 -0.27765933 -0.30534357 -0.31860796 -0.12264276 0.01981558 -0.12297194 -0.19593136 0.07471913 0.37721494 0.03776226 -0.18391061 0.20416322 0.09857871 0.08926980 0.06064293 -0.04691855 -0.16135968 0.04820653 -0.07779298 0.17270751 0.26307875 0.04449595 0.05057104 0.13865204
-0.12009754 -0.29210562 -0.14874683 0.06180397 0.14683548 -0.23135604 -0.53442764 0.23121376 -0.06582575 -0.00429263 0.05931683 0.15225579 0.07341874 -0.32506204 -0.25482798 0.01382328 -0.43836489 -0.14723201 -0.41635808 -0.45701671 0.26965576 -0.03899861 -0.14432055 -0.30764219 0.75599557 0.10790484 -0.04481400 0.10198613 -0.12311756 -0.20466864 -0.14757980 -0.36603451 0.03195184 -0.12286898 0.03012735 0.35695422 0.10255812 0.10514867 0.15807852 -0.09035634 -0.14993101 -0.06541315 -0.20559384 -0.28240886 -0.12162910 -0.05868817 0.25776094 0.10779466 -0.01331876 0.26167306
0.00231211 -0.10062177 -0.26877472 0.04691008 0.04489021 -0.08075822 -0.19248430 -0.64141166 -0.15609072 -0.07469396 0.16272150 0.52611208 -0.33703807 -0.16655974 -0.05106542 0.15531877 0.02721692 -0.17904422 0.09525041 -0.35283077 0.03320101 -0.00412159 -0.19577044 0.71344495 0.35779414 0.47455010 -0.05995268 -0.02318610 -0.22907300 -0.10067227 -0.07888534 0.11243013 -0.08462737 -0.24237299 -0.25889030 -0.29311776 0.25627369 0.20511964 -0.04222422 -0.39721584 0.14221977 -0.09770295 0.13299544 -0.23613285 0.09858074 -0.01102737 -0.10423119 -0.07474028 -0.05693318 0.17370249
-0.09802409 -0.01351337 -0.18032502 -0.04842547 0.20534720 -0.09657215 -0.20978042 0.58935350 0.20561518 -0.10184412 0.07027456 0.42312166 -0.54527986 -0.25833222 -0.03844934 -0.07625625 0.16008279 -0.36162850 0.35156319 0.15012127 -0.70802194 -0.14078213 -0.14013234 0.35952559 -0.55062288 -0.26097110 -0.12342954 -0.38382417 -0.00592402 -0.14481154 -0.13688888 0.35623473 -0.08184794 0.71324170 -0.21699516 -0.17927934 -0.32155487 0.34407738 0.00884038 -0.20735323 -0.11154772 0.04623959 -0.02074553 -0.08492731 0.12533101 -0.06835023 0.14609605 0.10558882 -0.04368183 0.26687688
-0.06978706 0.69433683 -0.30822602 0.18673925 0.14066212 -0.13809292 0.34118855 0.45203441 0.20174025 -0.06568415 0.08143345 -0.14270875 -0.27404797 -0.10042540 -0.13437760 0.09673103 0.02333810 -0.31702766 -0.32318541 -0.21801887 0.16412529 -0.04533974 -0.10917907 -0.54387248 -0.54529083 -0.36838064 -0.08715203 -0.16462439 -0.45156857 -0.11243768 -0.05134761 -0.27758178 0.04571534 -0.11786397 0.16870570 0.10075938 -0.20116311 -0.08581484 0.11167046 0.47557676 0.08110196 -0.12748219 0.00629545 0.00463754 0.04369384 0.00280713 0.04584594 0.27134576 -0.24806112 0.28894737
-0.13851033 -0.36944851 -0.09968663 -0.09510529 0.16501571 -0.05500815 0.74045175 -0.60282451 -0.25112095 -0.04871676 0.01316959 -0.41048625 -0.32118589 -0.08555137 -0.01129881 0.11913641 -0.50859988 -0.39744154 -0.14072473 -0.59418690 0.69822240 -0.11598726 -0.12470328 -0.75228709 0.39850065 -0.29972968 0.07509741 0.06471284 -0.32721874 -0.10069244 -0.07665456 -0.17157540 0.04667187 -0.47204483 0.39245084 0.01100323 0.05815012 -0.07567437 -0.04987277 0.10685509 0.05474209 -0.10744204 0.28977442 -0.03535809 -0.12973852 0.08423536 -0.03709470 0.25440559 0.03352228 0.12412222
0.00258539 -0.69234169 -0.11960120 -0.04206023 -0.03730493 -0.10145606 0.36751130 -0.51616985 0.13687113 -0.09607181 0.02782641 -0.68979764 -0.31683439 -0.02887963 -0.03838520 0.02006790 0.55432665 -0.21822251 0.41713133 0.44637501 -0.29824623 -0.14318222 -0.10766781 0.42038473 0.47395530 0.00379875 0.01397428 -0.29738984 -0.03115739 -0.01401752 -0.20739114 0.21736880 -0.06749294 0.23517090 -0.51238364 0.06397513 0.15308587 -0.11764675 -0.00922192 -0.59083104 -0.01444826 -0.02746563 0.04965259 0.07518550 0.22369449 0.01237298 0.08017917 0.03294742 -0.11954328 -0.14746679
-0.02550755 0.46768409 0.01493965 0.17649703 0.09192739 0.04690336 0.02398055 -0.06817776 0.20931172 0.00292148 0.04090152 -0.12432472 -0.33610314 0.00887409 -0.14884685 -0.08387163 0.34077555 -0.10686158 -0.08043810 0.28665805 -0.46145600 -0.01756019 -0.12219886 0.48934174 -0.57518005 0.30961615 0.04216696 -0.11617406 -0.09957367 -0.08907234 -0.00580898 0.03776808 -0.16178754 0.26312062 -0.14307451 0.39599150 0.42349607 0.03200022 0.16344322 0.23816700 0.07062735 0.08254365 -0.55157787 -0.06608430 0.19694425 -0.01188725 -0.10098281 0.10186601 0.01764102 -0.33463758
-0.09940398 0.22477978 -0.37402788 -0.00028939 -0.20182483 -0.04924519 0.27900538 0.41070950 -0.12421346 -0.07872056 -0.03683342 0.35996523 -0.32343802 0.07518905 0.00582605 0.04655535 -0.85286278 -0.06221170 -0.42869553 0.59494495 0.10381803 -0.06907289 0.00137738 -0.04656506 -0.09093714 -0.20728204 -0.03136773 0.27163553 0.13580094 0.05707398 -0.01685188 -0.17065388 0.03774543 -0.26607043 0.41124314 -0.30713552 -0.01829669 0.01721169 0.24511191 0.44628334 -0.07684457 0.00216622 0.00113410 -0.12201753 -0.01203400 0.11165984 -0.09828510 0.13172735 -0.07934787 0.03723537
-0.11929083 -0.10078169 -0.28374195 -0.03242337 -0.18583076 0.15544260 0.42114249 0.00283864 0.20913377 -0.02131663 -0.06579489 0.43600994 -0.16472746 0.02996764 -0.02415516 0.08299100 0.30890602 0.09543276 0.06972820 -0.51196474 0.28057572 -0.12076360 -0.08261454 -0.16636626 0.49627569 -0.16672592 -0.10242068 -0.25106707 -0.09029046 -0.02472696 0.02414797 0.22843151 -0.01173729 -0.37866107 0.23166437 -1.06079984 -0.30216923 -0.06832036 0.07402487 -0.00436095 0.02636793 0.04757353 0.26223221 0.10434214 0.30799478 -0.08446125 -0.09117456 -0.23638247 0.01530895 -0.42952240
0.10469620 -0.49576482 -0.17260158 -0.01387159 0.09472486 0.20482010 0.13171417 0.47224769 0.19537975 0.16004877 -0.01843616 -0.19280356 0.01235188 0.16707280 -0.09297874 0.10796817 0.47679102 0.11603396 0.66187584 -0.25455934 -0.14957823 -0.08553313 -0.05591438 -0.03109526 -0.12612958 0.17429584 0.08435778 0.01492217 0.08296659 0.00695142 0.09469189 -0.73285455 0.03911833 0.38162893 -0.31941822 0.54654419 -0.41769937 0.02354445 0.02025770 -0.33508196 0.04346028 -0.03835972 0.19489712 0.05723670 0.31135955 -0.32838607 0.03620032 0.02338036 0.00771675 -0.58457243
-0.00656713 0.12718697 -0.24860382 -0.02512428 -0.28640839 -0.02442806 -0.38254926 0.32523254 0.13147634 -0.10580217 -0.06865537 -0.21781866 -0.13103661 0.20934306 -0.01547843 -0.01121532 -0.30104616 0.18219788 -0.39842537 0.77126044 0.11439596 -0.05551124 -0.02430820 -0.18965794 0.10159023 0.27987874 0.01693161 -0.04866600 -0.10553713 0.06632538 -0.12246927 -0.07745922 -0.06282336 0.00373447 -0.31831306 0.47252187 0.39288598 -0.07647814 0.06114977 -0.03529362 -0.03446367 -0.05921891 -0.24817349 0.00102634 0.24491696 0.29028153 -0.08079016 -0.00758139 -0.01747835 -0.33491835
-0.02868617 0.72374409 -0.15410808 -0.13318856 -0.04051975 -0.06614421 0.05666657 -0.58757573 0.07294080 -0.02069466 0.06799062 0.18241072 -0.05650385 0.14592098 -0.02749493 0.01842846 -0.26954043 0.00045612 -0.25079086 -0.56603140 -0.13365291 -0.06388015 -0.05818868 -0.09597824 0.01114423 -0.63634813 -0.11514857 -0.06885357 0.04885739 0.01478283 0.05775597 0.36690304 -0.12416115 -0.25529575 -0.24633603 0.25577131 0.12304844 -0.14170361 0.17655240 0.37137592 -0.03793256 -0.04703835 0.22969797 0.03031197 0.07158719 0.13437067 0.11154278 -0.21709567 -0.02226941 -0.20709947
0.02218370 -0.19092792 -0.19442633 0.11973882 -0.12042496 -0.03693166 -0.21127784 -0.66919589 0.26284501 0.07965969 0.01589165 0.59101123 -0.19352899 0.35257775 0.02650191 0.11727479 0.07504859 0.10676905 0.55124497 -0.45422411 -0.09585204 -0.02549164 -0.05473837 0.25081921 0.01383214 -0.15971291 0.08244196 -0.23299675 0.13963099 0.05067563 0.09702101 -0.07233529 0.06354180 -0.01839403 0.50290853 -0.30576316 0.01385704 -0.24427022 0.18990938 -0.08932550 0.00399871 -0.11408027 -0.08072808 0.33661121 0.13448492 -0.20640706 0.06611909 -0.11107307 0.00489017 -0.17501014
0.00180680 -0.48163936 -0.32190907 -0.06120250 -0.31446955 -0.07052155 -0.31582788 0.39291078 0.03817097 -0.10759766 0.03781742 0.33910546 0.08003043 0.06310610 0.03610557 -0.04604749 0.18438348 0.12265236 0.03533586 0.34820461 0.05543666 0.01117667 0.01810504 0.16443370 -0.17444786 0.22286357 -0.00768314 0.15436730 -0.10252512 0.07744279 -0.04471909 -0.45548820 0.15800594 0.19092837 0.42686120 -0.44798356 -0.04015203 -0.04209813 0.07070328 -0.02766979 0.04989245 -0.09032182 -0.23301291 0.00215641 0.11477739 -0.07816251 -0.13931496 0.29963633 0.11450419 -0.30307820
0.03241519 0.33404830 -0.10228325 0.11473355 0.07442809 -0.06119746 -0.37585697 0.04033049 0.01243852 0.06865987 -0.12848115 -0.31226715 -0.19520012 0.06155768 -0.02725825 0.08065879 0.03893137 0.00986756 -0.35390511 0.39709488 0.35053056 -0.08458124 -0.01590515 -0.22885056 0.19950193 -0.03787648 0.11345918 -0.14089546 0.22998865 -0.03228738 -0.02054814 -0.02271227 0.06729189 -0.28231668 -0.49842089 0.34041005 -0.06571737 0.23158082 -0.10497010 -0.18177152 0.06652455 -0.07193410 0.24257907 0.03516847 0.21998633 0.09417627 0.13401152 0.27833977 -0.04870025 -0.25918710
-0.04328202 0.32399827 -0.11322796 0.15384042 -0.29997697 0.15479554 -0.18066141 -0.05786450 0.28173405 0.05523712 0.05809794 -0.12016863 -0.20444721 0.11625257 0.06631735 -0.14186510 0.02071616 0.03103157 0.09689115 -0.29685205 0.04425943 0.03902869 -0.03562722 -0.26404282 0.17013855 0.23349839 0.11322804 -0.06541605 0.41672993 0.03816820 0.14070171 0.18168190 -0.08232876 -0.01337090 -0.35410213 0.21648513 -0.05662705 0.14351839 -0.21413627 -0.13506402 0.05192967 0.04036965 0.20414172 -0.02848869 0.00637894 -0.08060136 -0.09821693 0.52061957 -0.02069131 0.06104296
0.15048371 -0.43613011 0.07257839 0.09547756 -0.16928406 0.09109191 -0.48832309 -0.02691084 0.36702409 0.12605047 0.01521233 -0.14071903 0.02454737 0.07025171 0.02122741 -0.11413302 -0.48679462 0.12254709 0.04280250 -0.27680290 -0.16571636 -0.09313654 0.07903744 0.30099604 -0.16445202 -0.49242502 0.03328303 -0.09293672 0.14905782 0.08854432 0.21008064 0.47693884 -0.13730933 0.25807551 0.38691562 -0.19174869 0.15082794 0.36879602 0.12489346 0.27571389 -0.20852029 -0.05828363 -0.22026752 0.21878694 0.24974759 0.10922585 0.14166087 0.86205727 0.09097913 -0.44293052
