0.01548055 -0.03051288 -0.18468830 -0.26111588 -0.47110036 -0.15348452 0.25527361 -0.14290610 -0.44681725 0.15827900 0.21005113 -0.32562032 -0.15651543 0.04792229 -0.20766300 -0.16697402 0.20651217 -0.01266445 -0.01380652 -0.50598198 -0.09792154 -0.13206729 -0.07130443 -0.16272724 0.06983779 -0.08641493 0.01379755 -0.05855763 -0.08628065 -0.13745125 0.28830865 0.51387268 -0.08729956 -0.00535534 -0.02230688 -0.00692860 0.43542746 -0.29696241 -0.14997675 -0.03974199 -0.05426944 -0.01655229 0.04115960 0.09863880 0.25481012 -0.09031339 -0.08982880 0.01734930 -0.35260639 -0.16098091
0.08901007 -0.14348423 -0.06515170 0.01435371 0.05202599 0.03558940 -0.11415065 -0.02291021 -0.15475109 -0.11544509 -0.04872875 -0.10845707 -0.09026287 0.04848561 -0.05412001 0.18065499 -0.22479931 0.12344882 0.14392594 -0.01604097 0.14745320 -0.02580129 0.02969863 -0.00891766 0.01244017 0.08281203 -0.10458075 -0.10155427 -0.05743346 0.04234739 -0.09313415 0.07863536 -0.06199018 -0.03628490 -0.20061904 -0.12942538 0.13833791 -0.01988384 0.15148596 0.09260113 -0.07100022 -0.00606668 0.13053559 0.01776740 0.04617260 0.05460856 0.00507685 -0.03474149 -0.11700582 0.03704920
-0.12276270 -0.10597580 0.18713833 -0.08155164 0.11834769 -0.10658423 0.02434348 -0.03510397 -0.03493107 -0.01660001 0.00252161 0.05691741 -0.12748834 -0.17822672 0.08992993 -0.28424489 -0.00827033 -0.04067160 0.03797700 -0.03134388 -0.22103992 -0.00772885 0.00765739 0.07390720 -0.23344508 -0.32673195 -0.14799684 0.04089260 -0.08182251 -0.04767895 -0.00946928 0.12890944 0.03608326 0.03792120 -0.06143645 -0.26627874 0.01333792 0.09958856 0.07827824 -0.17441507 0.01730596 0.07741604 -0.03231067 -0.07808875 0.01999407 -0.06671432 0.02706775 -0.12358779 -0.11702041 -0.05706719
0.21303786 -0.24361123 -0.00646744 0.06907217 0.04091103 0.01250460 -0.13508932 0.04211364 0.13469823 -0.03025965 -0.07075173 -0.01072148 -0.00988927 -0.04611234 0.09272484 -0.05248111 -0.03841765 0.08516386 0.12821403 0.00121321 0.05552363 0.08123780 0.07044818 -0.13976631 0.20236595 -0.24382384 -0.00603439 0.12052877 -0.10730755 -0.12899375 0.09206989 0.10216492 -0.02809704 0.01413485 0.14570513 0.09797540 -0.02542128 0.06819885 -0.03565778 0.04847439 -0.12156580 -0.10603428 -0.05947501 -0.01408972 -0.07755423 -0.06058241 -0.03338526 -0.01802616 -0.20609497 0.00651062
-0.12547708 -0.06708936 0.00620923 0.09786144 -0.08208274 -0.00107332 0.03750083 -0.10941063 -0.06801634 0.04174015 -0.23065385 -0.14785497 0.03658764 -0.10966432 -0.08854727 0.13294359 0.10068801 -0.13793436 -0.02512086 -0.14602879 0.05838413 -0.03583384 -0.03409332 -0.10593236 -0.01467764 -0.25161693 0.04625537 -0.05309006 0.03160035 -0.10678633 0.16848412 0.03881844 -0.03639033 0.11568136 -0.15099691 -0.33390298 -0.39842501 -0.08274744 0.08032852 -0.06898329 0.02948917 0.03316656 -0.02472841 -0.21448539 0.04632140 -0.02987948 0.00920295 0.13488324 -0.17214741 -0.00537695
-0.09431554 -0.13369036 -0.33870763 -0.18883920 -0.12075556 0.05469075 -0.13035512 -0.05124447 -0.03946000 0.05259006 -0.15345372 0.17472255 -0.04110866 -0.00684784 -0.02090313 -0.12664263 -0.07437060 -0.18410352 0.15591657 -0.52368671 -0.06375371 0.10000230 0.38600338 -0.23893768 -0.45127717 -0.09935218 0.12516357 -0.16499990 0.14766903 0.06337325 -0.36453930 -0.28361288 0.00031708 -0.10324521 0.04045009 -0.13582696 -0.31662762 0.01602776 0.33785731 -0.31411305 -0.11515827 -0.15820089 -0.04165042 0.00819403 0.04055556 0.07242978 0.21919863 -0.06686885 -0.14782894 -0.00618824
0.15332340 -0.10995333 0.00108044 0.03516321 -0.03917998 0.23158649 -0.07639272 -0.05658874 -0.46205780 -0.12973382 -0.03187769 0.19014564 0.09796032 -0.04006962 -0.01940773 0.16588566 -0.02482412 0.01303798 0.27574599 -0.05284223 -0.38018703 0.01690441 0.32557145 -0.02353518 0.21900265 -0.04525708 -0.05915090 -0.15416141 -0.04112551 0.46737927 -0.66193306 -0.60422301 0.06076051 0.02667061 0.14500323 0.29280278 -0.57595903 0.02344516 0.09475549 -0.17024535 -0.05093794 -0.04372530 -0.08493446 -0.05466238 -0.05623698 0.04601476 0.05183585 -0.03423206 -0.39438513 0.01746665
0.20623896 0.08774336 0.19841063 -0.20739196 0.44439074 -0.15893750 -0.18368605 -0.09506454 -0.17558040 -0.11481693 -0.00195441 0.22209559 -0.02741586 -0.34088519 -0.09603468 -0.10824229 -0.18815647 -0.40726197 0.03443126 0.54804891 -0.10330167 -0.04346508 -0.45996958 0.56999201 0.55221188 0.02407803 -0.17500955 0.01582883 -0.37661210 -0.03077203 0.29282999 -0.70575857 -0.06022115 0.24827217 0.00934242 0.03415762 -0.27092329 0.07745004 0.30740005 0.15203124 -0.08763963 0.04675442 -0.25226563 -0.35211870 0.16664512 0.03268782 -0.38255137 -0.28731340 -0.34319389 -0.42154381
0.09158650 0.07486314 -0.00141134 0.22979541 0.73171413 -0.80705798 -0.29197350 -0.12174210 0.18868458 0.13785666 -0.40065742 -0.27284631 0.03015737 -0.20463656 -0.06024328 0.20590441 -0.16791935 -0.21202362 -0.33776808 -0.08392572 0.02494362 -0.08585469 -0.52260065 0.36567169 0.26320213 -0.07604480 -0.31336024 0.43077752 -0.65236491 0.00619268 0.10150079 -0.26113066 0.07752334 0.15237033 0.01499671 0.06147068 0.55529273 0.44441810 0.06218050 0.24070005 0.06322486 -0.23525463 0.24596450 0.08605861 -0.15206544 -0.11362848 -0.84570843 0.07729881 -0.33155546 0.07648616
-0.14675063 -0.19491294 -0.25490296 -0.21691868 -0.80846876 0.21122630 -0.16597325 -0.18277620 0.58257288 -0.11625738 -0.33020887 -0.66201532 -0.07010458 -0.36902845 -0.22553843 -0.06628016 0.08803845 -0.60783809 -0.70554352 0.38773265 -0.55388671 0.34397680 0.09710491 -0.50996792 0.43577200 0.01068300 0.44984341 0.13857378 0.63322544 -0.17388228 0.48375922 -0.40031269 -0.04097317 0.27219874 -0.11764624 -0.07745817 0.31379840 -0.32737938 -0.92416811 0.44684523 -0.23924188 -0.24106091 0.30037805 0.14273401 0.08847210 0.01038308 0.66935247 0.30996606 -0.00540155 -0.18757723
-0.09657532 -0.11380944 -0.01028556 0.03705265 -0.87485158 0.48165074 -0.42802018 -0.04608605 0.47071889 -0.15185268 0.53246570 -0.33145288 0.02418609 -0.29112810 -0.32913259 0.29190272 0.10995893 -0.30676025 -0.12923692 0.14051601 -0.06751569 0.22115134 -0.08882792 -0.30449772 -0.02161167 0.36893833 0.20047389 -0.23440623 0.70602882 -0.37910846 -0.07523753 -0.03404795 -0.14322791 -0.06925426 0.14107032 -0.05619019 -0.23788463 -0.19635095 -0.59675229 0.43358108 -0.05022370 0.16879411 0.12854560 0.13606159 0.22808869 0.00931819 0.59109956 0.19869982 0.11422396 -0.12975742
0.02497610 0.25302783 -0.11509724 -0.33152664 -0.03415826 0.22516595 -0.55277407 -0.35301107 -0.48725528 0.15577157 1.25427330 -0.02376374 -0.28334367 0.42428446 0.18624945 0.45178884 0.17600651 0.14422490 0.26789293 -0.01978892 0.07948434 -0.41653404 -0.08059825 0.16300431 -0.11866134 0.56399930 0.02776648 -0.25567788 0.28509697 0.14011119 -0.25176239 0.58673823 -0.42622125 -0.29121798 0.34691387 0.10072604 -0.42775619 -0.23202012 0.25036839 -0.83787698 -0.03649049 0.53742063 -0.26345065 -0.02257241 -0.40479401 -0.04489697 -0.25453010 -0.19282709 0.49090794 -0.09219740
0.19530429 -0.01203724 0.07512785 0.00427631 0.37175387 -0.13424055 -0.30269250 -0.05868046 -0.10006377 -0.45626733 1.15335047 -0.06978276 -0.24913903 0.17656420 0.28417525 0.71962416 0.40070429 0.36496538 -0.25494212 0.21532160 0.19717686 -0.00807817 0.27028468 0.08699928 -0.06056926 0.35033640 -0.34357896 0.21549569 -0.00830917 0.02552854 -0.16871022 0.41066751 0.35386136 -0.30043224 0.39113453 0.34372163 0.24010210 0.11049108 0.12705608 -0.90243620 0.63574803 -0.02648734 -0.21466251 0.07289203 0.08611432 -0.01798202 -0.18377924 -0.21348253 0.97359669 -0.01359795
0.77216834 0.56807065 0.07665356 0.03922601 0.01434089 -0.27153063 0.12560204 -0.14518353 -0.05830880 -0.60795075 1.33073747 0.39856508 0.33601603 -0.07052167 0.53653145 1.19061124 1.09754825 0.11175336 0.24165460 -0.26512972 0.70109582 -0.10446472 -0.15261227 -0.15341847 0.59966642 0.94107419 -0.09265025 0.07893425 -0.52858055 0.23147000 0.31273028 1.02939594 0.10793023 0.24291244 0.65683013 0.89833611 0.34616661 0.18660644 0.24710402 0.36832979 0.53569740 -0.63398063 0.22415763 0.42663953 0.02534233 0.01654641 0.16584332 -0.03910935 0.92407882 -0.13744293
1.24640572 1.13294089 -0.23257056 0.42297652 0.46618259 -0.04155351 0.92390060 -0.40284109 0.44547793 -0.58909011 1.04486060 0.19007474 1.18521309 -0.03251497 0.91339439 1.67650354 1.75717688 -0.18771555 0.48649785 -0.34964958 1.32878792 0.11928532 0.18601689 0.19480282 0.91840279 1.15055549 0.74399418 0.07298600 0.37732527 0.22329827 0.63087404 0.67721325 0.16920047 0.84096986 1.79763067 1.95610631 0.51724088 0.32073703 -0.08600495 1.23747134 0.48737127 1.02542031 0.74523681 1.51124036 -0.30289444 0.76841140 0.45383030 0.77037102 1.23293173 -0.36770436
1.50835180 1.91081846 0.06381635 0.28162706 0.16570328 0.35881409 1.10556328 -0.14322364 -0.05866520 0.87930721 1.96526420 0.29097506 1.36310256 0.37209192 0.42141676 2.01824355 2.12590408 0.20827401 -0.23257314 0.00750169 1.93545485 -0.20686424 -0.30333379 0.07574450 0.80909389 1.88096249 0.12879591 -0.29652905 -0.56890219 0.19145875 -0.21091503 0.91808081 -0.14521046 0.83710164 2.06957650 1.60347021 0.32616499 0.15333182 0.10415930 1.76515055 1.57026923 0.61446816 0.06882993 1.69589508 -0.45230052 0.08730759 0.43871769 -0.19543536 0.37506729 0.47145724
1.57943678 1.50196755 0.01620140 -0.06707810 -0.08549638 0.03105036 1.28141284 -0.12348527 0.19894244 0.21777467 0.31268400 0.17443745 1.34033811 -0.03756025 0.02091365 1.36926818 1.40553653 -0.09049328 0.05085975 0.05002118 1.55949128 -0.03032118 0.07204133 0.48806149 0.68435860 1.89918542 0.20421626 0.47810730 0.17536572 0.10554977 -0.18894580 0.56945407 0.00450081 0.90926677 1.48771656 1.19800985 -0.03883551 -0.15936266 -0.35146412 0.74454248 0.74067652 1.17745996 0.07724198 1.62757206 -0.34607488 0.59802181 0.01985954 0.37733665 0.31208140 0.50437164
0.88743865 1.58433127 -0.08131490 -0.20291661 0.03763698 -0.08030383 0.59158039 -0.06902512 0.22094649 -0.10948956 -0.05137936 -0.13500676 0.57981122 0.33111644 -0.31087488 0.74654341 0.86164099 -0.07749210 0.31940588 0.26227415 0.92690754 -0.01385949 0.47910947 -0.09448491 1.14006197 1.06290710 -0.04524367 0.69697553 -0.27493671 -0.01057317 -0.21108223 0.40242937 -0.21075970 0.33960146 0.90108705 0.76190656 -0.01212115 -0.14182688 0.65642309 -0.69099218 0.27654928 0.71715653 0.01787755 0.53708798 -0.18524541 -0.31769088 0.04042212 -0.25264657 0.31761146 0.38114446
0.62280732 0.94411266 0.12561257 -0.07801946 0.02670050 0.17378409 0.12557006 0.00119155 0.29140463 -0.32440284 -0.09471528 -0.49300626 0.17667399 0.06796599 -0.27497223 0.34978533 0.72282070 0.22768138 0.02064352 0.27393338 0.32030699 0.10105021 0.47600070 -0.56107599 0.98026985 0.53194326 -0.35708612 -0.17456426 -0.13800639 -0.09391040 0.53204370 0.24860506 -0.02353696 0.12473445 0.36363328 0.44565561 0.40927234 0.12185782 0.92290056 -0.63567364 0.54485691 -0.32647598 -0.31229728 0.12680164 0.04005761 -0.10807443 -0.40504265 -0.10143857 0.31033430 0.07571723
0.11133189 0.40796527 0.04082127 -0.08628915 -0.54170460 -0.42868301 -0.18282202 -0.02932394 -0.36173841 -0.13636473 -0.18814392 0.13968697 -0.20345569 -0.41251451 -0.27722821 0.21450458 0.22306509 0.22614321 -0.29724622 0.25800377 0.51527017 0.19945219 0.39661634 -0.00943347 0.36943093 0.21384387 -0.44856510 -0.57240218 1.19546986 0.43588865 0.71096778 0.26104891 0.09092975 -0.23625933 0.10357355 0.12574154 -0.09387473 0.48280653 -0.34952262 1.38428295 -0.16667119 -1.21696365 -0.59151679 0.13256128 -0.01335544 0.09139706 -0.55872422 -0.41643482 0.16247493 0.03328393
0.10412972 0.39845234 -0.18775871 0.13320594 0.40915450 -0.08495896 -0.08232670 0.30803317 -0.55681628 0.41523090 0.09345523 0.77742195 -0.30388868 -0.38027957 0.00074833 0.17009750 -0.03045639 -0.09373256 0.42041770 -0.54254884 0.26090369 -0.24014771 -1.11465442 0.76391745 -0.40340436 0.23194337 0.72290283 -0.15642346 0.87098902 -0.38950384 0.20558709 0.41387480 0.08332646 -0.10668942 0.01710000 0.09389745 -0.32279935 0.38473046 -0.15601984 0.55817437 -1.62300348 -0.07563613 0.58181524 0.04264832 -0.22186224 0.40970203 0.34952992 0.49090093 0.21022858 -0.60820949
0.03365198 -0.13433604 0.03320923 -0.00319270 0.18472821 0.29082724 -0.02632260 0.12206718 -0.11088737 0.13140459 0.19128592 0.38253510 0.01466859 0.04561029 0.32253906 0.19133496 0.17629333 0.09967802 -0.06448437 -0.11170536 0.03066918 0.00292214 -0.38239339 0.03252676 0.12107164 0.31437206 0.59678757 0.07084978 -0.21573676 0.00379283 -0.83053946 0.18258150 -0.03383941 0.02490265 0.23203123 -0.00328635 0.57888693 -0.59148639 0.58938694 -0.03545824 -0.54371637 1.06835902 0.72330320 -0.00339475 -0.01724850 -0.54865664 0.75070399 0.15541653 0.34554181 -0.18457137
0.13426977 0.21232142 0.32191527 -0.00075148 0.11985150 0.94510680 0.10460141 -0.07132924 -0.23160799 -0.22072133 -0.16242322 0.16219401 0.07766979 0.08231066 -0.00783013 -0.10568883 0.06299703 0.16983750 -1.17233622 0.21693267 -0.09732339 -0.02601537 0.48566347 -0.11563211 0.09788809 -0.05853779 0.04706566 0.54782826 -0.71543908 -0.56793910 -0.98548520 0.05311660 0.18431298 0.11039588 0.04478053 0.03925287 -0.02127967 0.23739998 0.35843042 0.09771501 0.70921254 0.15580747 0.11063683 -0.15169358 0.10073514 -1.04052103 0.17489135 -0.68710619 0.11589892 -0.18271840
-0.01564462 -0.12421858 -0.24422164 0.51621848 0.04853754 -0.65820181 0.57493842 0.02324575 0.44589490 0.06933030 -0.14482260 -0.80258268 0.69651467 -0.05343175 0.23264155 0.09591638 0.19493631 -0.50063753 1.24883294 -0.46180025 0.11504602 -0.51690239 0.54507416 -0.64751691 0.50048101 -0.24447042 -1.07217658 0.82242531 0.64439559 1.09103978 0.41887665 -0.74884504 -0.01924870 0.46610954 -0.16173598 -0.14592110 0.46987337 -0.93482840 -1.03104579 -0.10515021 1.12212610 1.27101970 -0.92147154 0.12908122 0.07751722 2.33619905 -0.71503043 1.47558212 0.49654859 -0.26637343
0.07857425 -0.06253281 0.15659405 0.05207745 0.05951317 -0.24522883 0.25034997 -0.02899774 0.61057466 0.04829681 -0.03437443 -0.16311683 0.56946826 0.28453121 0.02305602 0.14414808 0.12436785 -0.07023900 0.25318405 0.08848164 0.07716562 0.19279286 -0.09018021 -0.04280945 0.02487328 -0.28058359 -0.21734238 -0.95479226 -0.26595217 0.04219931 0.35145530 0.11745036 -0.09875128 0.12346032 -0.07057421 -0.40618101 -0.49512708 0.46585828 0.50293833 0.59125400 0.20061857 -0.71719414 0.25496620 0.14805213 -0.10274034 -0.88422948 0.24978337 -0.31424794 0.20423527 -0.03465924
0.15369873 -0.00815968 0.21887639 0.25747937 -0.27891305 -0.06719784 0.42083111 0.02674122 0.41304937 0.11325830 0.16646300 -0.32208857 0.29725927 -0.11758279 0.10575546 -0.08807491 0.05539116 -0.25485691 0.06995950 0.36695844 0.10301446 -0.28461051 0.00664194 0.37703857 -0.23449357 0.17217390 0.20843133 -0.66076726 -0.14160758 -0.07592130 0.55377424 0.07226574 0.06138561 0.34771737 -0.00720113 -0.04947068 -0.41831046 0.18486473 0.28888503 0.52636641 0.18562657 0.04584249 0.45891380 -0.06670675 0.08858572 -0.03249297 0.18162231 -0.18220997 0.08974615 -0.15844949
-0.16275893 0.06686395 -0.11143207 -0.23243701 -0.32667163 0.36913139 0.20253807 -0.00740954 -0.04941021 -0.08486535 0.02638722 0.13993706 0.19173662 0.21867421 0.10229292 0.13938852 0.22475797 0.17956090 -0.19480088 -0.27694708 -0.27656746 -0.02114782 0.22234966 0.84304410 -0.13709988 0.18983503 0.58476084 0.38315177 -0.18778355 -0.18594135 0.13894668 -0.23120318 0.05552291 0.15476963 0.16454688 -0.18529846 -0.02917167 -0.21351898 -0.48191831 0.08792596 -0.19176085 0.35248199 -0.13812515 -0.03564333 -0.18314007 0.04715138 0.24952175 -0.54932851 0.12256819 0.24802141
-0.11724665 0.15737180 -0.10095958 -0.64468992 0.23166509 0.11339445 0.28727958 0.09623307 -0.44668734 0.05156880 -0.14951245 -0.25985843 0.11016250 0.44037554 0.14618844 0.16255046 0.05016629 0.13027737 -0.35364035 -0.21409222 -0.11864489 0.19542825 -0.04452872 0.18919173 -0.05790969 0.11886080 0.55702537 0.81597316 -0.04810250 -0.32236066 0.06077829 -0.13504779 -0.40100607 0.14639904 0.05540108 -0.22392847 -0.22174010 0.11744343 -0.09242655 -0.77910990 0.48312286 0.38442233 0.04740170 0.18107852 0.09217193 0.04623428 0.17315245 -0.24139294 0.09834284 0.00622689
-0.13867959 -0.22185755 0.17075540 0.03449018 -0.06801612 -0.43053931 -0.05048618 -0.09674270 0.31099802 -0.19825014 0.07660250 0.24780044 0.02891855 0.02582264 0.00482937 0.24534896 -0.07333042 0.02543369 0.18703021 -0.12987167 -0.18169253 0.18140055 -0.12978725 -0.82917511 -0.43339890 -0.35785928 0.05789373 0.32881740 0.09360557 0.67656696 -0.29408816 0.47367936 -0.27928421 -0.15277283 0.24797691 -0.25241107 0.28627634 0.59972030 0.04019682 -0.59295470 0.80435103 -0.03418506 -0.29289559 -0.00366499 -0.11604309 -0.28188351 -0.15330556 0.14282538 0.09326921 0.13131754
-0.05356228 -0.07522646 0.21136464 -0.24643061 -0.34833553 0.14127386 0.13447604 0.03771171 -0.12097755 -0.05287473 0.10123876 0.18407372 0.03978588 0.06306901 0.01694131 0.00560052 0.11908371 0.25473061 -0.17546299 -0.11946717 0.06169084 0.05463152 -0.29820031 -0.26778248 -0.04127142 -0.17351699 -0.72856796 -0.13305877 0.05255637 0.33222681 0.02171169 0.04278780 0.04387533 0.05958703 -0.04818852 -0.15523209 0.12998034 0.86060733 0.05667234 0.03694145 0.17455564 -0.41756752 0.16939418 -0.04654665 0.07344169 0.35247925 -0.46546808 0.21491255 0.07844312 -0.17636307
-0.22301237 -0.06396991 -0.21696655 0.20770901 -0.07238501 0.63114226 -0.15369108 0.03332964 -0.15716849 0.13826716 -0.03834116 0.26925132 -0.35257450 0.12627439 0.12840308 -0.12676331 -0.03357486 -0.24231176 0.54572219 0.24624868 0.02497369 0.18098275 0.01400622 -0.10486410 -0.00540114 0.07917242 -0.42725864 -0.52986276 -0.12618200 -0.47189322 -0.18543018 -0.44345510 0.08232900 -0.21201624 0.27038869 0.40151241 0.29838455 0.29252025 0.00665956 -0.17331499 -0.54939497 -0.18197070 0.33479637 0.05339918 -0.03638141 0.07740816 -0.35999453 0.39963895 -0.26497778 -0.16688144
0.14555196 0.19428033 0.03916020 -0.35585639 0.30745322 0.08203956 -0.10254552 0.02333591 0.04285131 0.03436184 0.00517854 0.10746894 -0.17383239 -0.03601594 0.15055059 -0.09015743 0.30800804 -0.23849232 0.19864492 0.50757033 -0.15164861 0.07247159 -0.03270390 0.59616852 0.25631216 -0.01672426 0.32562307 -0.24637607 -0.17002520 -0.63463187 -0.06514850 0.19333139 0.05377501 -0.09457010 0.00248405 0.05662370 0.57273829 -0.66210788 -0.15219654 0.04568735 -0.48565951 -0.28687102 -0.05214627 -0.16865203 0.01207194 -0.27821943 -0.33849755 0.11270005 -0.21664977 -0.03456651
-0.12920320 0.12078410 0.19477898 0.41441998 0.38417724 -0.31634623 -0.16167226 0.09055669 0.13448690 -0.03583034 0.22548601 -0.02500668 -0.14112644 -0.30420962 0.03923169 0.03288919 0.04170291 0.28907058 0.00253078 -0.18469463 0.05268468 0.17626898 0.64822406 0.21366392 0.05307898 -0.00208625 0.36916032 0.15817721 0.17777149 -0.23718858 -0.32624525 0.07639004 -0.28911430 -0.12966983 0.04924388 -0.12369178 -0.02166633 -0.73511165 0.14259607 0.28695884 -0.28095508 -0.00325719 0.10394584 0.22897519 -0.01592763 -0.01032679 -0.05967317 -0.16935806 -0.24477330 0.04361711
0.16656215 -0.17441452 -0.18287180 0.34179658 0.12995417 -0.58619976 -0.00885475 -0.07907580 -0.06270595 -0.09821022 0.23766290 -0.05764237 -0.03058673 -0.00371630 0.19392778 0.12090412 -0.17824797 0.08219817 -0.36546078 0.31168252 -0.15262461 0.11851899 0.29240707 -0.10149933 -0.54863405 0.15694319 0.20605759 -0.20610432 -0.04051577 0.05975236 0.12567349 -0.25010869 -0.06334086 0.03067011 -0.03069710 0.04665401 0.17604534 -0.43725309 0.24430282 -0.03709525 0.00044346 0.04900446 -0.04301057 0.02173566 0.00952589 0.14468294 0.48899496 -0.32997644 -0.09755999 -0.00126063
0.07662094 0.06928664 0.06853675 -0.04138504 0.10241493 -0.16613485 -0.14562306 0.01010707 -0.36517596 0.05135224 -0.06128683 0.11056488 -0.22530146 -0.28313529 0.03935013 0.07150081 0.05376598 0.21859539 -0.33564585 0.32071102 0.00703848 0.07844148 -0.39775699 -0.42822790 -0.38378277 -0.15323469 -0.01745791 -0.14372417 -0.11427372 0.74847221 0.66204709 -0.28783938 0.00036465 0.04367859 0.14920352 -0.00123067 -0.29233420 -0.01475509 0.32078987 0.04912129 -0.00742386 0.13581409 -0.35858303 0.12834926 0.05485643 0.02748344 0.38556209 0.17950718 -0.11922678 -0.18811412
-0.07491828 -0.11009263 0.11467697 0.28303865 -0.49085054 0.31535587 -0.15281487 0.09738821 -0.13145636 0.06988944 -0.03155698 0.17535909 -0.04214136 -0.09915916 0.08019167 -0.05567061 -0.28719914 0.03100581 -0.25274497 -0.29933435 0.01776457 -0.04114290 -0.22733381 -0.28034022 0.59066188 0.20394644 -0.00876720 0.44736740 0.02443232 -0.04060395 0.24994288 -0.26270434 0.44655535 0.06641421 0.06186287 0.14049520 -0.30440146 0.27176395 0.17258787 0.01998128 -0.05731493 0.02884159 -0.60664493 -0.00288781 -0.08364177 -0.13751967 0.40673295 0.38633075 0.12842824 0.00279074
0.01562351 0.11230658 -0.27717605 0.09396587 -0.47727701 0.32106918 0.00058049 -0.01392222 -0.12677495 -0.07597277 0.22020820 0.16222255 -0.10541717 0.10505098 0.04232495 0.10400716 0.08779382 -0.02086272 0.25889504 -0.30987081 0.08391122 0.02165205 0.03562514 0.80555362 0.64038926 0.17644680 -0.46509638 0.32159990 -0.11921623 0.12564261 -0.11739058 0.24774645 0.03016207 -0.05956757 -0.08817311 -0.08490919 -0.23139475 0.23686022 -0.31973749 0.01134246 0.10230717 -0.30514818 -0.17271626 -0.04657330 0.01066701 -0.12209361 -0.04076112 0.11391816 0.01652448 -0.05299583
0.06403252 -0.19734284 -0.30402699 -0.11946284 0.23808767 0.08657364 -0.17715168 0.03543492 0.39394075 -0.00117821 -0.06138210 0.18659411 -0.08418183 0.03130299 -0.02422733 -0.22355266 -0.18018191 -0.08210429 0.40533853 -0.05391716 -0.17332006 0.05845870 -0.06411377 0.40228379 0.24717994 -0.19126858 -0.66661024 -0.16279386 0.35073727 -0.40986881 -0.17769589 0.47174051 -0.04784014 0.11202607 -0.00732948 -0.00522192 -0.47149801 0.24576408 -0.29222229 -0.14737445 -0.00552694 0.29376161 0.25973916 -0.05034941 0.05715622 -0.16630611 0.09359723 -0.16417217 0.19412374 0.11855442
0.16219915 0.20543402 -0.16492763 0.08907045 0.42936671 0.25036651 0.03323314 0.07957114 0.13548306 -0.05581563 -0.13915643 -0.16610812 0.13534427 -0.18574348 -0.03169252 0.05019667 0.06007296 0.15236492 -0.16053127 0.01019536 0.14528041 0.11463089 0.25564075 -0.14315444 -0.08951051 -0.06077613 -0.26620299 0.14406703 -0.07140753 -0.12248151 0.30584395 0.17062092 0.01112926 -0.03985398 -0.21657991 0.00205080 -0.07811884 -0.30127770 -0.16276686 0.20955795 0.11876388 -0.15615085 0.91341192 -0.00431992 0.01183472 0.04938406 -0.38703704 -0.21823934 -0.05905758 0.17641261
-0.22553797 -0.13241477 0.16349655 -0.12073427 0.30891564 0.29645810 0.06362492 -0.04703703 -0.46143344 0.12919188 -0.00955555 -0.17232874 0.01525080 -0.19100459 -0.05601802 0.18240836 -0.25052625 -0.06336352 -0.14284262 -0.01324891 0.07285166 -0.03523016 0.11494329 -0.78487784 -0.17185301 -0.11058362 0.46181691 0.18747784 -0.07800664 0.33337367 0.02852871 0.01462077 0.34305927 0.01893491 0.06950875 0.00523894 0.35014656 -0.14882667 -0.39064914 0.14486608 0.04241293 0.05010800 0.68165022 0.05716935 -0.07394917 0.28133240 -0.25955823 -0.40785071 -0.00001831 -0.06107914
0.17665674 -0.07982815 0.18567818 -0.03349196 -0.33757597 -0.41008204 -0.05293257 0.04511544 0.12506969 0.04000560 0.16540618 -0.38980690 -0.06049130 -0.02228368 -0.02775082 0.19143009 0.12077164 0.16034164 0.54147834 0.28490850 -0.14089748 -0.05965015 -0.33024201 -0.19896893 0.10772830 -0.05974225 0.45582435 -0.11304221 0.20169030 0.09043757 -0.20219406 -0.20339157 0.28029934 0.14144547 -0.26614717 0.13032408 0.37656900 -0.02431200 0.06273459 -0.11254309 -0.03957376 0.02846255 -0.19181013 -0.08526840 0.07273987 0.23703481 0.13910484 -0.68562531 -0.10125407 -0.20657654
0.17365824 0.25136361 0.16767769 0.51807278 -0.08240365 -0.32534266 -0.10043212 0.01988771 0.28372321 0.01252465 0.12103762 -0.31467715 -0.04610807 0.09501144 -0.13886702 -0.02024024 0.06427299 -0.17464961 0.28827763 -0.19323657 -0.05892209 0.09915490 -0.66444230 0.15659539 -0.25445712 0.18662521 0.51736081 -0.04111362 0.11221075 -0.28910226 -0.12495838 -0.28894302 -0.03177716 0.07356735 0.00205135 0.19399641 0.40360481 0.11034128 0.55615288 0.06175953 0.12345760 0.07870771 -0.87931657 -0.01964720 0.00656048 -0.08846958 -0.21365061 0.01216436 0.10143345 -0.15391982
0.19191155 -0.12710939 -0.26625159 0.15635604 -0.26749590 -0.12867492 -0.01505202 0.00882011 -0.17598280 -0.12042150 -0.09306712 -0.44123423 -0.07888323 0.35805029 -0.02208916 -0.07799044 -0.19715552 -0.02377764 -0.20383573 -0.17335129 0.07014997 0.09851238 0.37556124 0.31516239 -0.05046631 -0.00642083 0.29336309 0.29520610 0.14442651 0.14308454 -0.27198246 -0.10180791 0.31693581 0.10575692 -0.04255047 0.02056590 -0.35530001 0.20480858 0.41195109 0.01740817 -0.01959779 -0.16966899 -0.28955731 0.02996424 -0.14957477 -0.35198241 -0.20088993 0.70811534 -0.14523727 0.25123784
-0.16427027 -0.01399910 0.01095068 -0.53673816 -0.05272345 0.14242376 -0.05632240 -0.02926719 0.18199551 -0.14053604 -0.10870590 -0.09527132 -0.06349517 -0.03804243 -0.12847447 0.06046423 -0.00798684 0.22589590 -0.32004538 -0.27258456 0.17608041 -0.10267162 0.53757262 0.33956251 0.31254449 0.12233894 -0.09815955 -0.59227675 -0.25494456 0.28018183 -0.17662776 0.26953456 0.07922711 0.01903917 0.12779672 -0.29782322 -0.28778696 -0.09721653 0.03542380 -0.01935669 0.01064326 -0.05042078 0.26951125 -0.02136318 0.06879233 -0.10986082 -0.18663757 0.60525680 0.02180360 -0.00136000
0.11130288 -0.10410827 0.20504557 -0.74828917 0.45992944 0.17777292 -0.03422829 0.01099874 -0.06036011 0.05508978 0.01376968 -0.19380574 0.01561586 -0.38072133 0.01928299 0.16265117 -0.05501890 0.14785244 0.21873088 0.10488884 -0.06768315 -0.07978716 -0.25855735 -0.09121209 -0.01745766 0.11833166 -0.16665451 -0.31514281 -0.19979358 -0.10637009 0.25788867 -0.06858793 -0.02773536 0.28939590 0.02719043 -0.00992947 -0.39580089 0.20079115 -0.27154705 -0.08796376 -0.03720313 0.19883509 0.29335111 0.05834045 0.05196882 0.03062206 0.29532260 0.24095388 0.01021546 -0.09116297
0.02499527 -0.04888814 0.18104342 -0.25907418 0.02070742 -0.09094432 -0.19869189 -0.06643097 0.01038862 0.03171798 0.00077643 0.00747525 -0.16453232 -0.46196076 -0.03196348 0.11558270 -0.11531007 0.04561809 -0.32443711 0.21278077 0.19000287 -0.13883287 -0.04731592 -0.17715037 0.24695523 0.21467549 -0.14260773 -0.07064154 -0.17275931 -0.46138284 0.03475362 0.24889414 -0.11778235 0.12630279 -0.05068478 -0.14274573 0.23678550 0.42536417 -0.24567661 0.11328296 0.02552235 -0.08310398 -0.14438255 -0.05254838 0.10581946 0.40492439 0.52343094 -0.20027426 0.09867387 0.01002904
-0.12860812 0.09477258 0.20554723 -0.03450529 0.19654378 0.02156647 0.09328520 -0.01506779 -0.01164687 0.10033750 0.14188293 0.07707484 -0.12565675 -0.14820029 -0.16955876 0.04800520 0.04658243 -0.33267185 -0.22507448 -0.29529545 -0.07569759 0.08840129 0.19075656 0.06723990 -0.26543212 -0.15312545 -0.45977387 0.18673652 0.27422988 -0.34463444 -0.07671208 0.45581052 -0.12687722 0.22686821 -0.11414156 0.10957645 0.18641768 0.12404316 0.03083519 0.22014907 0.05363439 -0.11503281 -0.04771022 -0.05678724 -0.06425232 0.20500077 0.38165808 -0.42727083 -0.04051652 0.12205077
-0.00997365 -0.05859321 0.09293339 0.37815985 -0.18036297 0.29199284 -0.01479684 0.00396571 0.21298915 -0.01610185 -0.08336506 0.41318938 -0.21788047 0.38537532 -0.01965501 0.19721612 -0.04470380 -0.40709674 0.14134674 -0.23844945 0.00248075 0.06505772 -0.04564384 0.13220266 -0.09456058 -0.02207306 0.06003621 -0.22344369 0.15768111 0.60025048 0.16030256 -0.03761038 0.04333246 0.23851474 0.04530406 0.04098353 0.39064720 -0.50223762 0.04375202 -0.19831723 -0.02214620 0.03033871 -0.12238969 0.23275667 -0.14059764 -0.35010934 -0.15473567 -0.19354770 0.12629597 0.20154335
-0.01616946 -0.18514940 0.01480390 -0.02994901 -0.08631851 0.38303927 -0.16705172 0.02082863 0.07167171 0.00657736 0.10231791 0.16798793 0.12799492 0.03832790 0.02625675 -0.03433215 0.01920631 -0.05283991 -0.03711326 0.03467112 -0.09178623 0.13257614 -0.15489103 0.06869876 -0.12809181 0.05225777 -0.03685042 0.09560810 -0.11737727 0.59142500 0.18771778 -0.29616678 0.07861524 0.12857595 0.11479122 -0.31002742 0.31129366 -0.31842718 0.09417099 -0.10389574 -0.00619560 0.00866853 0.06059209 -0.09319249 -0.04966825 -0.24303624 -0.35649401 0.08102517 0.11752541 0.10013288
-0.20134361 0.09443459 0.10219882 0.14577816 0.04184988 -0.22531980 -0.21672583 -0.04401257 -0.29588154 -0.04259379 -0.23375054 -0.06810867 0.04959439 -0.00126269 -0.10319093 0.15703416 0.03523190 -0.21913974 -0.00756730 0.07558337 0.12056917 -0.12196590 0.14667448 -0.13046974 0.15424027 -0.14485177 0.06783206 -0.08000201 -0.00931589 -0.12191250 -0.02642944 0.07364724 -0.02116685 -0.05474139 -0.01376522 -0.07806440 -0.20145477 0.04869323 -0.07647301 0.02823846 -0.01807103 0.00024343 0.19191927 -0.03564758 0.07811368 0.07667957 0.00368338 -0.02947313 -0.05522686 -0.21592584
-0.07112545 -0.00210482 0.03311759 0.02294954 -0.16961469 -0.14455217 -0.11596294 0.00303045 -0.11199465 -0.03606263 0.06499419 0.05525921 0.29785317 0.08820739 0.01689359 -0.21241848 0.21338014 -0.17456935 0.16844453 -0.03970259 0.02395352 0.02713543 -0.14304788 -0.15700448 0.28157398 0.14939068 0.15719615 0.06206394 0.11502158 -0.20752388 0.08643610 0.05583585 -0.09207994 -0.08333787 0.03177733 -0.08893331 -0.31896061 0.05091719 -0.15257552 -0.08456524 0.10087997 0.07308143 0.13264251 -0.07616850 0.00259651 -0.01435196 -0.12351265 0.04483122 -0.03591146 0.11542481
-0.01966117 -0.21143609 -0.05628726 0.08350766 -0.31787071 -0.16950326 -0.23583905 -0.08003369 -0.21971858 -0.07334185 -0.08440804 -0.05281695 0.65353668 0.32523999 -0.16159120 -0.24269839 0.09785337 -0.03773626 0.03515300 0.16309236 -0.16986027 -0.22851689 0.01900469 -0.12865280 -0.28090227 -0.12814793 -0.07507103 0.07083675 -0.11756670 -0.40112877 -0.06322572 0.07657897 -0.15805732 -0.06661956 0.05687381 -0.11735947 -0.27089182 0.06867763 0.09691986 0.13906723 0.01880867 0.02097078 -0.04699548 0.25155562 0.16411063 0.03533705 0.08510449 0.00667826 -0.18923363 -0.09561399
