-0.14860930
-0.03023820
-0.03362320
-0.02890936
-0.01633671
-0.01653816
-0.02816441
-0.04239444
-0.04918990
-0.17087658
0.03109104
-0.02700289
-0.03107692
0.03091955
-0.05555507
-0.02616070
-0.02895074
0.03162299
-0.08934612
-0.03350490
-0.04387994
0.03784138
0.04425269
-0.04081279
-0.06646600
-0.01555050
-0.09735098
-0.05509812
-0.02434967
0.04390357
-0.14379510
-0.04320922
0.02518413
-0.06450196
-0.07368764
-0.06153872
-0.05702216
-0.06178434
-0.01420788
-0.07196160
0.04028428
0.03835564
-0.08074175
-0.04401681
-0.01267113
-0.07508086
-0.02677224
-0.01966719
-0.03381435
-0.03586316
