-5.72677803
7.36731386
-2.12375307
-4.11385775
-2.27203274
-1.92986166
-2.76435351
7.03414202
-1.73734307
-5.84220600
-3.51999307
1.51390934
-4.22931385
-4.21247721
-9.00134945
-2.87060499
5.48074722
-0.96438617
9.55875015
2.33446026
6.31929541
0.97939622
1.07124639
7.88334274
8.33503628
4.40167952
-7.62610531
8.37209892
-0.66645807
-1.48662066
-3.54608750
6.30825901
-0.12245523
7.83500957
9.18673515
7.26315498
7.79480219
-2.49052548
-1.53614998
5.95997238
3.37453103
1.30155826
10.49897671
7.47308683
-2.20298147
10.04827309
-8.48662567
-3.39866233
-9.90840721
-4.16837025
