-0.01200795
0.01513947
0.01577428
0.02438206
0.01064318
0.01908899
-0.04102634
-0.03323798
0.01890247
0.04224204
0.01651621
0.01462300
-0.02523864
0.01511396
-0.02928345
-0.00217096
0.01326502
0.02862314
0.03045339
0.02368815
0.02317049
0.02027128
0.01758045
0.02224003
0.01176220
0.00456732
0.01165202
0.01850800
0.02775483
0.02453684
0.02680454
0.01798587
0.01912143
-0.00834831
0.06789503
0.02377593
0.03064291
0.02138691
0.00558260
0.04773136
0.07302880
0.03919247
0.01436261
-0.02895972
0.02551954
0.06445462
0.01626642
0.02708935
-0.02628862
0.01517853
