-0.03276356
0.06144964
-0.07079501
-0.00062962
-0.13748609
-0.01772062
0.04132399
-0.01165358
-0.01983505
-0.01890529
-0.02244958
-0.01913324
-0.01648914
-0.10501114
0.03137435
-0.04000783
-0.01839251
-0.48889387
0.04079937
0.02207236
-0.02889158
-0.04708877
-0.01366039
-0.02981052
-0.02742557
-0.01557612
-0.02684722
-0.01850484
-0.03215046
-0.00397464
-0.01970123
-0.02772946
-0.05291200
-0.01623510
0.01615275
0.01814247
-0.08067249
-0.02859204
-0.02729528
0.00466728
-0.01927130
-0.02644492
0.02598110
0.04015458
-0.04927325
-0.05957163
-0.00617021
0.01726683
-0.03251911
-0.06005555
